1 1 107.41969955 8.7697063616 0
1 2 101.26366476 8.0826779067 1
1 3 91.388487415 7.3518658625 0
1 4 105.70559025 1.6808627636 0
1 5 96.178355768 13.039914662 1
1 6 102.59991511 3.050313157 0
1 7 91.491677062 3.1904793424 1
1 8 106.0623777 3.0840694657 1
1 9 111.22923426 5.5433227372 1
1 10 104.05105026 3.7044077147 1
1 11 106.40248239 9.6031740184 0
1 12 97.704239643 18.604353519 1
1 13 95.48665476 5.8947022789 0
1 14 109.59455709 5.4911428289 1
1 15 88.137156243 5.8440164899 1
1 16 99.335444359 1.0546633369 0
1 17 98.652363554 4.4452908907 1
1 18 84.284143792 3.8858546664 1
1 19 122.35245557 5.7318375643 1
1 20 98.886501284 4.5989291126 1
1 21 107.25481443 10.872107125 0
1 22 79.55860394 1.6213323484 0
1 23 100.4200172 3.0931268165 0
1 24 93.057355869 1.4054562936 0
1 25 98.787569161 3.0338997075 0
1 26 94.798545061 2.537309294 1
1 27 84.91926264 3.1960653623 0
1 28 96.082523263 7.60189808 0
1 29 90.84267086 18.834038227 0
1 30 107.8627697 15.328713386 0
1 31 84.075807052 2.2475899131 0
1 32 117.4406145 2.7637525443 0
1 33 92.693878444 28.921148703 0
1 34 90.073259753 1.2121158246 1
1 35 93.141523746 11.018412716 1
1 36 105.3250899 7.9778696382 1
1 37 98.178098879 9.7322157335 1
1 38 102.28021583 4.1120010716 0
1 39 94.100356874 1.523271571 0
1 40 88.154017292 3.2063157968 1
1 41 97.565971901 17.370680236 1
1 42 105.28759993 6.865456068 0
1 43 105.70241584 10.826720859 1
1 44 86.298653396 2.4993479118 1
1 45 98.803579555 7.6130737353 1
1 46 91.971084855 6.2230002249 0
1 47 63.621929583 6.164953713 0
19 1 102.23421049 5.8643783234 1
19 2 112.31418305 16.662190545 1
19 3 94.91950022 12.914033943 0
19 4 93.430200159 2.3141764517 0
19 5 101.09996348 12.436630527 0
19 6 101.08764074 8.1373484588 1
19 7 105.31732247 3.9355710553 1
19 8 84.148135179 2.5557078238 1
19 9 111.75401772 13.503158285 1
19 10 106.58486859 6.0035664712 0
19 11 100.23727391 8.6333028119 1
19 12 95.947421366 2.9067450372 0
19 13 101.22786788 11.416409148 1
19 14 104.11818191 9.8391227157 1
19 15 105.70469161 3.456939157 1
19 16 97.551766615 14.213226939 1
19 17 98.534405971 3.725731321 1
19 18 102.18322494 3.2643966179 1
19 19 93.663687606 9.6156381077 1
19 20 101.70619019 1.8113472348 1
19 21 109.06332875 23.832558777 1
19 22 92.741734413 4.2360449257 1
19 23 92.025355467 4.174277362 1
19 24 95.78686558 16.962161548 1
19 25 95.10507761 9.1831612864 0
19 26 104.59599966 2.2535325754 1
19 27 93.256431483 5.1924064115 0
19 28 92.447455564 2.02030663 1
19 29 97.331689234 5.0966756563 0
19 30 113.46310023 8.5674381497 1
19 31 94.116324729 12.431477278 1
19 32 104.32935105 3.8681489521 1
19 33 97.863414578 2.4643570098 1
19 34 74.251699413 2.580172637 1
19 35 91.218812441 3.500170563 0
19 36 95.981945605 4.5568872663 0
19 37 81.613810678 15.985971295 0
19 38 95.565156631 6.9663450134 1
19 39 95.6965758 3.7988904929 0
19 40 89.010445973 2.2092916122 1
19 41 102.61691912 3.7313707753 1
19 42 96.58395825 1.3956122969 1
19 43 99.423902351 10.090529273 0
19 44 92.212478296 3.698483064 1
19 45 99.308680803 15.292466724 1
19 46 118.78411627 1.3666179028 0
19 47 110.01278316 32.239477571 1
19 48 103.81686206 4.3302006253 0
19 49 100.23218857 10.94804149 0
19 50 87.595879782 2.0484686754 0
19 51 99.571629798 19.689310777 1
19 52 86.780622502 12.373308018 1
19 53 87.51698363 2.3549585338 1
19 54 99.53818123 3.1451342133 1
19 55 110.98822533 4.6826400272 1
19 56 104.95807514 3.8447417817 1
19 57 90.158015185 19.062955805 1
19 58 113.96105951 8.274204157 1
21 1 112.59596955 8.0857785715 1
21 2 89.974033204 16.075050358 0
21 3 94.71305632 24.461212131 0
21 4 102.64783055 1.5379470585 1
21 5 90.283841367 1.4758808289 0
21 6 94.340257231 7.6867925213 1
21 7 91.122262197 5.9874493965 0
21 8 105.86350138 1.1062726482 0
21 9 89.538599271 4.3055801059 1
21 10 107.56548053 2.0142938579 0
21 11 119.81838969 15.346804307 1
21 12 115.18310069 1.2067368041 1
21 13 97.07846223 18.395692999 0
21 14 96.976324442 4.8763498846 1
21 15 112.16047302 2.0479240469 0
21 16 89.049114798 4.6331204401 0
21 17 100.1206706 8.3323006568 1
21 18 81.705052101 12.516539639 0
21 19 78.57300752 10.526186005 1
21 20 103.27768046 12.619636586 0
21 21 103.80716585 3.9638080902 1
21 22 104.00604383 14.384280728 0
21 23 85.241576061 3.9525266505 1
21 24 94.633782502 1.7357153634 0
21 25 102.10449821 9.001094478 0
21 26 101.65903906 6.6996053971 1
21 27 89.053992682 2.9658847473 1
21 28 95.243801974 1.6058781528 0
21 29 94.873280964 1.1825002825 1
21 30 90.8677134 5.9689404653 1
21 31 87.116849795 3.4653592978 1
21 32 110.21428861 1.9866835235 1
21 33 101.21964457 12.214256667 1
21 34 89.671480747 9.8743305357 0
21 35 103.03000507 1.6167852367 1
21 36 105.83350768 3.4124991162 1
21 37 87.829095458 7.1879037616 1
21 38 101.9780754 4.2730228448 0
21 39 102.42759552 34.215552558 1
21 40 107.39039685 7.8791487184 0
21 41 107.31267792 3.4471821624 1
21 42 97.190134404 5.0945581494 1
21 43 102.49716361 4.858686174 1
21 44 90.125580076 5.6993902857 0
21 45 79.173846139 3.6771394367 1
21 46 106.1172318 8.9867947316 1
21 47 101.41667252 11.140331898 0
21 48 109.08197873 11.028421635 1
21 49 102.76848264 1.0981463035 1
21 50 98.041403774 6.2619298329 0
21 51 106.11478298 7.8943706668 1
21 52 98.601313428 1.3360346643 1
21 53 111.83869497 1.6751793214 0
21 54 84.928489945 10.210057555 1
21 55 102.52553839 2.3083616837 1
21 56 104.16884716 4.3640528819 0
21 57 102.59259634 6.3630423758 1
21 58 110.03064392 14.51877015 1
21 59 85.599881115 1.5797397756 1
21 60 85.388106799 1.5370918136 1
21 61 106.54458323 4.1148341038 0
21 62 101.00897752 4.8340440228 0
21 63 94.966424887 2.8785882696 1
21 64 108.73346441 18.094355782 1
29 1 82.554040555 4.2037300701 0
29 2 89.316604074 3.4997703202 0
29 3 93.362301673 7.7082265964 1
29 4 121.08396085 9.2084232229 0
29 5 77.505751008 1.0897322655 1
29 6 103.41770467 2.6539367561 0
29 7 118.66487656 1.1749576213 1
29 8 106.11511437 18.837640235 1
29 9 90.563373098 16.170503463 1
29 10 97.28806926 1.9603010859 1
29 11 107.95630744 2.164229843 0
29 12 119.79758572 13.162807574 1
29 13 92.265475101 3.952951872 1
29 14 94.779982127 15.34100222 1
29 15 91.780525669 1.046275055 1
29 16 110.29769464 2.3391456957 0
29 17 91.434925242 1.137878442 0
29 18 119.95375508 1.9282083332 0
29 19 100.9620029 4.9044005462 0
29 20 98.710625584 14.359324817 1
29 21 96.804330528 5.3486891579 0
29 22 101.48855904 1.2396507184 1
29 23 105.3358075 1.1290438671 0
29 24 99.4848158 6.8953502039 0
29 25 96.827661506 7.9710283124 0
29 26 111.46487766 3.0479919527 1
29 27 91.245824603 4.9738564652 0
29 28 100.05759995 6.7894642654 1
29 29 85.307158808 12.849468015 0
29 30 103.75822018 3.8615728591 0
29 31 80.128611129 13.335890145 1
29 32 110.55107366 17.978359467 1
29 33 85.560680168 12.683583244 0
29 34 103.37812376 10.009606188 1
29 35 88.804650839 1.4177225649 1
29 36 98.630759155 4.3112997132 1
29 37 122.91021431 4.5192848094 1
29 38 96.460321565 5.67829377 0
29 39 101.47238879 2.2191291524 1
29 40 100.04186588 2.0706802811 1
29 41 90.166413727 16.674919456 1
29 42 107.54865744 17.90081357 0
29 43 100.9942056 5.8366448615 1
29 44 100.01403099 6.3783653355 1
29 45 115.2046664 19.082605668 0
29 46 106.723082 1.4305711096 1
29 47 86.820489274 3.5308300148 1
29 48 113.09034284 1.0015651925 1
29 49 90.638939569 29.935020136 1
29 50 102.48909302 8.4609525995 0
29 51 96.623255879 2.6961630215 1
29 52 92.269979816 11.474436583 0
29 53 89.737880186 17.064370362 0
29 54 91.802432272 1.4978854826 1
29 55 89.95017476 15.214156046 1
29 56 100.70526487 2.0624388698 0
29 57 115.34199922 5.477576249 0
29 58 90.906839719 19.665200572 1
50 1 98.860587751 14.221047758 1
50 2 90.860944075 6.8465426649 0
50 3 120.64677164 9.909477258 0
50 4 90.615913875 3.1785341572 0
50 5 96.579792555 2.8859153688 0
50 6 103.92204925 1.0879110062 0
50 7 101.36511863 4.9918124943 0
50 8 103.81198184 1.5850536068 0
50 9 102.69431877 4.1770601823 1
50 10 102.04366543 6.720328399 1
50 11 103.87076587 2.4681046535 1
50 12 91.118910453 4.9696981265 1
50 13 97.34765343 17.438602542 0
50 14 114.50459144 3.2255526792 1
50 15 104.51603021 2.0286305421 1
50 16 114.44121539 3.1732115447 1
50 17 101.15700263 6.5571955842 0
50 18 104.56196891 6.3921064992 0
50 19 92.166898266 2.0582392552 1
50 20 94.658892902 1.2213573619 0
50 21 99.762751386 2.548591412 0
50 22 109.37122629 8.8952612129 0
50 23 106.33174413 4.2907805454 0
50 24 93.220726921 7.3881189729 1
50 25 109.34431692 4.196570176 1
50 26 93.825694334 6.6458563563 1
50 27 105.1256646 2.4817630467 0
50 28 97.801740508 11.865968361 0
50 29 103.57982016 9.0561363604 0
50 30 115.1040756 11.917575508 0
50 31 110.59057389 3.7185964398 1
50 32 99.966473423 9.1386652509 1
50 33 112.25699463 5.9680391857 1
50 34 107.71975852 3.2767357193 1
50 35 98.548352831 8.1244280152 1
50 36 106.40811539 15.511825713 1
50 37 96.214746072 5.3841269391 1
50 38 96.800337218 3.8773262577 1
50 39 108.50318858 10.628332281 1
50 40 108.12006848 7.6470521142 1
50 41 99.503926064 6.2148117493 0
50 42 114.01146194 4.2777568204 1
50 43 77.635846804 17.152823835 0
50 44 111.33355938 3.6473753118 1
50 45 119.96863993 2.8832704331 0
50 46 106.5164869 7.0194833 1
50 47 87.448651198 23.530529349 1
50 48 118.5815636 6.531592084 0
50 49 122.10461345 4.1082090227 0
50 50 108.06667953 1.6870923278 0
50 51 112.67878445 9.9795151973 1
50 52 102.5763945 10.625229009 1
50 53 92.977610315 1.1680720111 1
50 54 89.508648072 2.5084156349 1
50 55 110.70994742 1.5320270111 0
50 56 102.86049654 2.9353058209 1
50 57 113.68682534 14.295935623 1
50 58 93.691992178 5.8400992935 1
50 59 105.88844844 1.8049779653 1
50 60 103.26975433 8.0596616141 0
50 61 109.34124498 8.810150823 0
50 62 110.04595003 1.2102726334 1
50 63 113.82726115 5.4269158362 0
50 64 95.433500222 5.4856940901 1
50 65 103.95255713 3.3430892349 0
50 66 91.451092479 25.390940701 0
50 67 74.662384543 4.7926727119 0
50 68 100.79318075 1.3643415703 0
50 69 95.198408051 5.4268845697 1
50 70 94.389550564 7.0312561145 0
50 71 102.46920661 6.3532239021 0
50 72 89.319499877 4.3586011209 0
50 73 90.529133057 9.2824065759 0
50 74 98.976968684 2.5099711078 0
50 75 89.306299282 6.1397736666 0
64 1 106.01108638 16.11490684 1
64 2 109.23556741 11.470709328 1
64 3 100.46047131 8.3495081402 1
64 4 104.36152289 13.28561185 0
64 5 102.85279737 6.2386337478 1
64 6 99.026278183 30.268798827 0
64 7 101.12894349 7.1821411205 1
64 8 95.301984488 2.0578994541 0
64 9 102.01128849 5.7155354888 1
64 10 99.555915121 2.9562613564 0
64 11 107.35933041 2.5390213012 1
64 12 110.12127376 4.364913513 0
64 13 91.130314805 10.194833524 1
64 14 121.15607967 6.7055938587 1
64 15 89.887463993 24.554210817 1
64 16 95.518552562 10.161040252 1
64 17 105.39659141 2.2702994432 1
64 18 92.467731564 1.178568106 1
64 19 111.65762584 16.399570056 0
64 20 95.271059509 7.3520189961 1
64 21 100.31134762 1.2235332475 1
64 22 95.607227242 2.8664920314 0
64 23 90.730867843 8.9124732501 1
64 24 109.75857831 2.0896010321 0
64 25 100.77693917 7.0197302548 1
64 26 106.92158085 6.2873808943 0
64 27 90.828020619 30.175567984 0
64 28 79.389579167 3.0484734252 0
64 29 103.27976564 5.4958980067 1
64 30 111.15704078 2.8709971825 1
64 31 107.69528516 5.7494474989 1
64 32 90.508663 3.4364395337 1
64 33 99.347548286 1.122913926 1
64 34 117.57423618 3.6742283534 1
64 35 102.90101506 4.7343558233 1
64 36 101.14384536 22.826617102 1
64 37 83.388152619 1.2304267408 0
64 38 89.585219927 10.567736001 0
64 39 94.036610873 1.8971239421 1
64 40 104.36016042 3.8754911378 1
64 41 110.35898834 17.61503819 0
64 42 93.014163902 8.3805923933 0
64 43 92.432187237 8.9895196803 1
64 44 106.54292539 7.0628910484 0
64 45 95.755645197 2.0315142922 1
64 46 95.462771527 10.357549605 0
64 47 109.90672996 1.0701038988 1
64 48 95.791708313 17.294563899 1
64 49 100.91595676 10.67957418 1
64 50 94.190036507 10.294813814 0
64 51 101.15167771 1.1744765754 0
64 52 94.995774097 2.6343685904 1
64 53 86.931548861 15.697684586 1
64 54 115.94417489 5.1133672798 0
64 55 109.87480134 4.6029614698 1
64 56 103.04604679 1.2379091949 0
64 57 89.264113211 1.3145975604 0
64 58 104.00602179 1.4710106969 0
64 59 91.340553465 19.302796447 0
64 60 107.33272464 27.880885764 1
64 61 112.25293716 5.2113428183 0
64 62 100.51752413 10.328184624 1
64 63 101.57512313 4.0388702249 0
64 64 86.912731751 2.3448110608 1
64 65 92.842667946 10.646371539 0
64 66 98.123700034 7.802604076 1
64 67 103.61501222 13.973237254 1
64 68 108.00010111 2.8447423934 0
64 69 94.368484655 5.4908958344 1
64 70 94.013980698 13.947119767 0
64 71 92.346034227 6.5142061262 0
64 72 108.4749577 2.9794876826 1
64 73 96.551273687 1.0590039759 0
64 74 113.22616381 1.0460404898 1
64 75 101.13166693 16.65243412 1
64 76 102.86684001 2.6762158702 0
64 77 95.940877874 11.819147501 1
64 78 98.252641377 3.3979587675 1
64 79 98.336961353 8.313137975 1
64 80 113.44216404 2.7683783814 1
64 81 111.85898886 2.6406210557 1
72 1 96.170207464 3.132370512 1
72 2 102.78773539 1.7062190653 0
72 3 110.68162883 2.5626479963 1
72 4 76.343917336 9.4395619038 1
72 5 117.0982372 19.27651758 1
72 6 86.142444051 21.95565565 1
72 7 94.455182567 18.288617332 1
72 8 110.47044444 5.611577051 0
72 9 102.63505234 3.0823682408 0
72 10 82.285389396 4.9094248613 0
72 11 112.0301375 4.0697490718 1
72 12 101.32517916 1.4210910697 1
72 13 102.03642732 5.3542519357 0
72 14 92.961825621 8.1523881778 0
72 15 110.09225229 18.364927529 0
72 16 96.908169828 3.0757038675 1
72 17 100.90093321 7.9034278684 1
72 18 103.38401863 13.944381667 1
72 19 120.31727084 14.557223759 1
72 20 95.403447082 3.2498243067 0
72 21 86.227181147 2.9346179514 0
72 22 108.49973256 9.5736450093 0
72 23 102.20665598 4.6784138929 1
72 24 88.161081583 2.733173576 0
72 25 109.36787204 9.0491021423 1
72 26 117.22844247 8.3819554753 1
72 27 121.44361625 8.8543804207 1
72 28 102.12746223 5.2024985253 0
72 29 111.45796775 6.0501831256 1
72 30 105.57390588 20.735180323 0
72 31 104.46196995 11.554693418 0
72 32 82.465320988 8.2521547959 1
72 33 103.1086713 4.6679626807 1
72 34 97.341985661 1.9758145212 1
72 35 88.142303998 2.559988754 1
72 36 108.41212552 4.965636435 0
72 37 94.860833995 10.276054306 1
72 38 92.813397813 7.8656954358 1
72 39 82.949594111 3.5116142504 0
72 40 88.053966564 4.3577874307 0
72 41 104.84006386 8.2937806841 0
72 42 111.55134987 6.9517055746 1
72 43 111.24858294 2.3132248725 1
72 44 105.86871296 11.654845006 0
72 45 115.05103531 17.211981499 1
72 46 94.363631728 12.001538198 0
72 47 101.64615182 2.0803929845 1
72 48 109.65962292 6.0980915022 0
72 49 87.726352164 5.8903610256 1
72 50 101.08904081 4.258493294 1
72 51 105.9911497 5.7526412151 1
72 52 115.74536437 3.1388186901 1
72 53 98.256643078 6.4234141656 1
72 54 101.32163518 5.2144113505 1
72 55 122.51071414 2.9136800527 0
72 56 86.841400491 6.9715079102 0
72 57 87.54504644 8.4260299454 1
72 58 106.81366457 9.8770503895 1
72 59 92.770470785 2.3002157983 1
72 60 109.52022129 14.610674322 0
72 61 94.763154403 4.2538903301 0
72 62 83.702356167 2.577287386 1
72 63 94.503285018 3.0309123474 0
72 64 102.7330663 3.9819118726 1
72 65 111.65180428 17.590843702 0
72 66 106.89357458 18.597524192 1
72 67 99.892812054 7.7809981937 1
72 68 116.01146896 2.7794748466 1
72 69 101.87179314 14.631796312 1
72 70 112.69417382 9.9921570731 1
72 71 94.78052148 2.7558862341 0
72 72 110.95408898 22.630613817 1
72 73 94.441928863 13.427089304 1
72 74 116.11650165 14.043719109 1
72 75 105.07979314 10.531148596 1
72 76 99.243981005 2.9229217832 1
72 77 102.85874213 1.1036594538 0
72 78 113.87317712 11.046320736 0
72 79 94.91050522 4.2870699591 1
72 80 75.628475225 1.2446678078 0
72 81 94.913725017 3.7145541272 0
72 82 95.579924707 5.4413049395 1
72 83 92.37779932 1.8876541517 1
72 84 93.475444652 6.6931855633 0
72 85 94.672618958 1.245444724 0
72 86 101.03453041 6.1975459725 0
72 87 98.912331061 7.0486257852 0
72 88 93.737170406 16.036940462 1
72 89 114.88178102 6.508832334 0
72 90 127.24053029 1.7172048481 1
72 91 110.76018786 9.1147429494 0
72 92 96.611938951 1.9164585776 1
76 1 84.860132008 20.684230631 1
76 2 116.727936 1.5429272876 1
76 3 112.19729555 8.3414693737 1
76 4 105.75228428 29.331839011 0
76 5 97.219196731 5.0931793465 1
76 6 94.157512653 2.485717211 1
76 7 109.33218987 15.443451395 1
76 8 102.54493194 11.713509702 1
76 9 101.47508892 2.734224315 1
76 10 92.117723281 3.8918619231 1
76 11 84.733967889 5.7111536569 1
76 12 95.049511033 3.0378574591 0
76 13 102.00165693 5.0951953745 0
76 14 73.216710508 7.8387874049 0
76 15 103.46827737 2.7000303351 1
76 16 101.31587009 1.3522203573 0
76 17 100.99117421 1.8154911118 1
76 18 101.19124481 1.5926495587 0
76 19 106.58939257 6.3347766672 1
76 20 97.994583394 2.8693877389 1
76 21 112.41491158 16.74340467 0
76 22 111.68797233 1.7622735572 0
76 23 111.72071135 8.6589197713 1
76 24 101.68744891 10.708406532 1
76 25 102.58324044 4.2511406567 1
76 26 111.02511682 4.7763726149 0
76 27 91.896454338 3.7360958729 1
76 28 97.875009154 4.5601420581 1
76 29 96.740386597 2.7374975378 1
76 30 99.459655967 5.7890606731 0
76 31 105.79869419 20.097521566 1
76 32 103.04722636 6.4886639324 1
76 33 102.96161855 7.7504107355 0
76 34 116.9039539 3.3493549892 1
76 35 108.74253612 5.0816826285 0
76 36 92.211468745 4.1924307903 0
76 37 98.660718608 2.9047708174 1
76 38 102.08406923 2.1270138954 1
76 39 107.17711751 2.7281399304 0
76 40 98.066859409 1.7184955276 1
76 41 90.575500088 7.3832517041 0
76 42 109.26752672 5.1731663908 1
76 43 97.308415204 19.097913974 0
76 44 99.237263809 25.067363457 1
76 45 94.377325686 16.549579611 0
76 46 100.41888316 7.3617738217 1
76 47 114.1113475 12.753618234 1
76 48 99.213674436 3.5611934631 0
76 49 97.488615382 4.2778754839 0
76 50 95.044345924 10.577827213 0
76 51 100.76226981 12.663767392 0
76 52 115.52736443 16.763639175 1
76 53 95.754479416 5.9550527722 1
76 54 109.03498197 1.2231849231 0
76 55 101.68788114 4.1137995072 1
76 56 97.122547954 2.5635272963 1
76 57 115.48730033 3.4097401596 1
76 58 105.91747705 10.599336527 0
76 59 86.68273429 10.57744891 0
76 60 87.571262969 4.1101854199 0
76 61 115.52461961 19.534084365 1
76 62 91.768492859 17.202909626 1
76 63 97.345405013 1.8159011288 1
76 64 90.561855634 13.788506363 0
76 65 79.102863338 6.4207885054 1
76 66 97.3493585 1.0792889642 0
76 67 104.46252014 17.075300976 0
76 68 121.44490754 1.6663126096 0
76 69 98.914469502 4.3567357773 0
76 70 115.33722465 19.385056993 1
76 71 111.47981283 9.9625798789 1
76 72 107.86612807 3.1584597823 0
76 73 92.404464191 3.8415210008 1
76 74 97.995389155 7.7046780672 0
76 75 108.41536438 1.4988482195 1
76 76 107.05717314 3.7424335266 1
76 77 109.49509837 6.1187534762 0
76 78 114.86239124 2.134684897 1
76 79 93.897772575 3.0734180943 1
76 80 103.55697721 14.434098928 1
76 81 106.49497155 5.4302522618 0
76 82 115.94243748 11.914980232 0
76 83 94.084106525 12.703799825 1
76 84 112.84939698 9.7612539141 1
76 85 107.38544949 9.1637020406 1
76 86 91.638699857 8.1753130441 1
76 87 100.55930104 6.8627350789 0
76 88 108.04800117 3.5840348381 1
76 89 108.46264574 32.035447357 0
76 90 105.77138652 16.310638681 0
76 91 90.924209977 27.881963363 1
76 92 105.90191345 3.7061647101 1
76 93 119.2524092 3.862495691 0
76 94 93.824526351 4.7096644324 0
76 95 117.53455718 10.187832409 0
76 96 103.22463685 1.1218437226 0
76 97 95.045635553 11.670962495 1
76 98 85.938247967 3.0390158414 1
76 99 87.689552467 4.7834557624 1
76 100 100.32157923 19.12879719 1
76 101 104.29734606 1.3067468129 1
78 1 104.09254739 5.7962941285 1
78 2 95.14488482 22.587786743 0
78 3 97.060574417 17.995118969 1
78 4 87.674624403 1.7577215589 1
78 5 79.841388879 5.0429539589 1
78 6 90.258270646 1.4690486633 1
78 7 92.871320681 14.9520705 1
78 8 103.39094318 3.569657611 0
78 9 86.035388417 3.047129543 1
78 10 106.09984999 2.0204624111 1
78 11 84.050219794 5.5462897185 0
78 12 102.54279999 9.0736537134 0
78 13 93.414539289 1.2797020916 0
78 14 93.95906387 22.395678523 1
78 15 97.291658751 3.6831487134 1
78 16 106.65233132 8.9779186985 0
78 17 91.018463882 3.9647199228 1
78 18 91.503576619 9.7120849762 1
78 19 110.84525929 5.3542058889 1
78 20 100.02794633 2.8341843493 0
78 21 89.456564672 6.4813139182 1
78 22 96.989100931 2.4914364566 1
78 23 94.782019099 5.5163849429 1
78 24 99.967818328 7.6761382244 1
78 25 88.178104336 7.5790008917 0
78 26 92.348088877 9.4904974407 1
78 27 109.82603862 3.5659176866 1
78 28 111.72721983 3.7573571816 1
78 29 92.819339187 4.47150029 1
78 30 83.577965673 6.7051952226 1
78 31 108.62657116 7.4668674375 1
78 32 87.853339957 3.1826673211 0
78 33 91.708340635 9.4743116953 1
78 34 99.949239569 13.322337157 1
78 35 86.224431952 46.934005003 1
78 36 87.473728572 6.5751006678 1
78 37 105.48974655 11.117764958 0
78 38 103.30692341 1.35015843 0
78 39 103.72032131 6.4866263018 1
78 40 103.88691551 1.7628481329 0
78 41 99.178260819 8.768543708 0
78 42 113.29969184 2.814608536 0
78 43 98.688270769 2.1104747929 1
78 44 106.4101231 2.7054982871 0
78 45 100.03403915 1.178771853 1
78 46 115.63655602 20.901820403 0
78 47 80.98658168 16.354961848 1
78 48 94.574315762 21.073297071 1
78 49 100.35435467 8.5935197527 0
78 50 111.30219618 3.7001366813 0
78 51 107.0757921 4.5183640249 1
78 52 85.789173538 2.1781971731 1
78 53 80.230310448 7.2984012036 0
78 54 92.438669775 1.38241534 0
78 55 108.96109302 1.9693670805 0
78 56 108.26382326 4.0449206315 0
78 57 97.309910448 4.0249142437 0
78 58 98.404191729 1.4134268302 1
78 59 89.959825969 1.4813322401 1
78 60 93.063162863 20.428058221 1
78 61 92.604423735 2.1248352693 1
78 62 117.52559242 2.6764020468 0
78 63 95.031372016 2.8857898461 1
78 64 96.168909064 5.0840212672 0
78 65 91.387157155 3.4200090863 1
78 66 129.45587057 2.7875780256 0
78 67 97.196536643 6.577538347 1
78 68 111.69776616 11.735521451 0
78 69 117.43205935 19.399274444 1
78 70 106.8444916 8.8351281377 0
78 71 95.317099662 3.1394772691 1
78 72 98.966759578 18.786793413 1
78 73 106.45101253 5.3884956766 1
78 74 106.76331617 5.3936676629 0
78 75 96.584160279 1.4848743218 1
78 76 109.18083447 23.022278844 1
78 77 82.780309343 7.5582936821 0
78 78 111.00330137 7.2078536309 1
78 79 131.74995959 2.0041670826 1
78 80 96.771521729 1.0784465272 1
78 81 102.35702772 21.362300477 1
78 82 102.50037568 3.8227721291 0
78 83 100.09320401 19.351998294 0
78 84 100.97288563 13.497050443 1
78 85 101.47914292 12.639566794 0
78 86 109.80566655 5.8851074538 1
78 87 74.488198218 1.2575191379 1
78 88 85.890327346 5.0194825797 0
78 89 104.47361568 6.5793727149 0
78 90 96.100158961 1.2931482473 1
78 91 110.77310344 9.2045312418 1
78 92 99.804193404 21.238542792 1
78 93 93.806495345 9.698306745 1
78 94 100.08081292 2.0782874516 0
78 95 113.4616414 2.9735201085 1
78 96 96.766419122 7.5498670398 0
78 97 105.00974911 13.601081673 1
78 98 108.62178869 2.6237026626 0
78 99 93.801446711 6.0900615234 1
78 100 84.586910358 4.4893682654 1
78 101 97.582627353 4.5351627767 1
78 102 113.22991209 1.8536822028 1
78 103 83.045599944 21.563772631 1
78 104 106.14813057 4.7239877851 1
78 105 88.863422819 3.9547965306 1
78 106 90.043123657 17.176150202 1
78 107 98.625194843 2.2740804662 1
78 108 113.62684915 5.9948133158 1
78 109 89.15624727 4.8872677542 1
85 1 108.17115194 1.0673293163 0
85 2 102.9368366 15.033850483 0
85 3 78.123318395 11.742164058 1
85 4 100.03585889 10.063481662 0
85 5 97.631708985 5.2484120283 1
85 6 100.11488979 1.2458168575 1
85 7 111.33751235 7.3320859894 1
85 8 92.382930013 7.4102967684 1
85 9 115.8089762 5.8608602947 0
85 10 109.03313405 15.779324039 0
85 11 105.7338653 1.148723394 1
85 12 113.68970235 7.8547327612 0
85 13 86.79520542 4.5699907833 0
85 14 91.519145119 5.1775057525 1
85 15 97.144962419 11.893006072 1
85 16 96.527766484 3.4893824574 0
85 17 108.89221443 29.642107977 1
85 18 105.06512263 1.6640654624 0
85 19 111.71019946 2.5624972462 1
85 20 103.79891308 5.0454133942 1
85 21 102.16884174 1.5490319852 1
85 22 109.17433113 3.91344599 1
85 23 105.0227331 10.994748873 0
85 24 109.90122695 12.916815208 0
85 25 105.83137235 7.2427209545 0
85 26 116.86748213 7.591871619 1
85 27 87.228827154 9.4981456825 1
85 28 111.73210846 5.783385587 1
85 29 83.496243386 1.2451860268 0
85 30 124.8887559 6.1801046993 0
85 31 113.55273428 4.2768244876 1
85 32 90.591655824 3.5977074717 1
85 33 104.2624861 1.9283451916 1
85 34 94.024598554 10.648054656 1
85 35 102.90978393 3.5243318489 1
85 36 81.908895317 5.509726022 0
85 37 111.58246249 4.2557698313 1
85 38 103.66580125 10.627841222 0
85 39 98.261896787 6.5588008836 0
85 40 105.0547296 2.5979706261 1
85 41 100.77999053 3.5691063502 1
85 42 93.323054423 1.9728937197 0
85 43 94.515683502 12.45950409 1
85 44 94.044764085 1.1344546233 1
85 45 97.051367383 5.5650060821 0
85 46 91.09860534 2.5735822011 0
85 47 102.91516714 1.5589431229 1
85 48 84.021366483 1.8314426066 1
85 49 85.008513614 8.6294434109 1
85 50 98.276969608 1.1908624727 0
85 51 101.90450288 2.0015803467 1
85 52 93.52457719 3.7347209698 1
85 53 105.87427827 5.9787278414 0
85 54 98.06585456 9.2083011528 1
85 55 101.8096048 13.442789107 1
85 56 98.87724105 15.530661136 1
85 57 102.58195903 9.9697234955 0
85 58 93.750113045 2.236463932 1
85 59 93.021318355 1.1790698179 0
85 60 92.080503972 1.2423073019 0
85 61 113.16860375 3.8423241304 0
85 62 97.436925469 3.4478935112 1
85 63 84.215742553 6.5686838392 1
85 64 96.160472147 4.638354481 0
85 65 82.856713141 1.1166978934 1
85 66 101.93784491 6.9815814797 0
85 67 87.518719864 4.4382847806 1
85 68 102.15304542 9.9455202385 1
85 69 99.359026704 6.7123781216 0
85 70 78.728605154 5.4004769474 1
85 71 101.5020084 5.4147494243 0
85 72 87.170248793 1.7394312811 1
85 73 119.16777979 9.482060333 1
85 74 93.442263635 13.587405125 1
85 75 103.4352543 10.653943554 0
85 76 100.02757807 3.3065317488 0
85 77 101.79762198 4.7957892464 1
85 78 96.139984241 1.7680234715 0
85 79 104.54634605 16.766685944 1
85 80 112.31845292 10.910670977 0
85 81 98.98878231 4.2115586692 0
85 82 90.195230332 3.4732633363 0
85 83 79.870114708 9.6390877675 0
85 84 95.420341619 2.0136885437 0
92 1 87.324251272 4.4720174854 1
92 2 108.69446225 6.2643590914 0
92 3 86.005301329 6.6269441665 0
92 4 88.900023833 4.4070716191 0
92 5 112.68478086 5.1399936684 0
92 6 103.82992868 2.1279729675 0
92 7 106.72576633 3.8440627011 0
92 8 94.974798556 2.351899047 0
92 9 101.59851378 4.9251852287 0
92 10 113.42153412 3.5824443971 1
92 11 91.341571553 1.7130972605 0
92 12 101.798606 7.3940326412 1
92 13 92.129209731 15.543212658 0
92 14 97.924391531 18.430105477 1
92 15 107.84361874 8.9828806323 1
92 16 85.20577986 5.4366955975 1
92 17 114.83023205 5.5126208957 0
92 18 100.91151079 2.2990376924 1
92 19 102.22810799 2.2654709897 1
92 20 119.2437392 6.4162471438 0
92 21 110.65323367 7.5176906136 1
92 22 96.552231964 3.5028801098 1
92 23 89.489160932 10.685893934 1
92 24 92.943088853 2.4881849227 0
92 25 78.839046723 1.938648302 1
92 26 81.238251701 3.8883826345 1
92 27 120.90449497 9.6709632684 1
92 28 73.180724957 20.089491753 1
92 29 103.92416204 1.4067400772 1
92 30 131.43063204 1.1601014281 1
92 31 110.55940113 6.9747251067 0
92 32 115.47156908 2.5762528956 0
92 33 109.92710498 10.262201792 0
92 34 106.26687953 15.032234546 1
92 35 89.582316873 19.039488492 1
92 36 96.633033821 3.6142333703 1
92 37 111.28120706 3.9617850924 0
92 38 112.66162154 7.4980537334 1
92 39 114.20518652 5.5286848627 0
92 40 100.25756621 7.7137342594 1
92 41 106.63063375 1.6388860647 1
92 42 95.162558451 12.050354961 1
92 43 84.52214958 7.4765947753 0
92 44 111.76547889 2.4528305342 0
92 45 95.52217711 5.4654368298 0
92 46 116.31644468 6.7021929649 1
92 47 112.4400419 3.6350335963 0
92 48 99.361441232 4.1436937175 0
92 49 113.13927995 10.284496948 1
92 50 73.491542884 2.3327965998 0
92 51 106.8728749 15.311269887 0
92 52 93.558103669 1.6210206549 0
92 53 101.68300474 3.8235264618 1
92 54 117.02595397 3.8981726217 1
92 55 104.75809589 4.3239827411 0
92 56 94.166956328 1.6860011863 0
92 57 103.5132919 8.6776337477 1
92 58 95.604364828 2.566001301 0
92 59 95.918564945 7.4222429952 0
92 60 103.11397201 5.3894156229 1
92 61 86.039864663 5.1236711939 0
92 62 79.488962445 1.8257016967 0
92 63 96.020473747 6.4617469689 0
92 64 98.005325912 2.1976392236 1
92 65 91.276684909 1.2562365635 1
92 66 103.65174013 4.67449997 0
92 67 119.7251034 1.4246142903 1
92 68 111.21089376 2.6968689849 1
92 69 90.705469788 5.7440348535 0
92 70 95.564470537 9.2682297724 0
92 71 83.585571638 13.226520905 1
92 72 103.00393746 14.171184151 1
92 73 94.639443009 5.0674087853 1
92 74 102.83404344 8.9324523247 0
92 75 96.496585361 1.2763514797 1
92 76 92.255075093 2.5591054602 1
92 77 97.646460097 5.9006401263 0
92 78 106.45620533 1.3294651175 0
92 79 88.300508936 9.1658578153 0
92 80 106.6897603 3.9032675608 1
92 81 99.321781014 5.2634553875 1
92 82 90.275623605 13.468133111 1
92 83 92.407620948 11.793557908 0
92 84 91.831375153 3.0085109659 0
92 85 84.223106262 14.628811682 1
92 86 92.199330266 14.861698849 0
92 87 106.83739496 3.700528314 1
92 88 103.25168806 1.1991302903 1
92 89 94.073437278 4.1537250284 1
92 90 97.258242972 8.841903654 0
92 91 103.13872461 2.6506171611 1
92 92 101.71164219 9.5986782705 1
92 93 118.42071246 21.260134938 0
92 94 88.708041091 1.1390310157 1
92 95 95.914056804 1.1066026433 0
92 96 126.00884874 5.9942950279 1
92 97 118.93604793 15.934310702 1
92 98 94.280212923 9.9170655947 1
92 99 90.503016182 2.1345705934 1
92 100 91.488048315 13.680999744 1
92 101 99.662288277 1.8324781901 0
92 102 124.56542654 6.9720657089 1
92 103 115.15414237 4.5984086612 1
92 104 93.914543181 12.088396521 0
92 105 113.15628158 3.848390973 0
92 106 104.03403212 2.4503369235 1
92 107 106.42309691 3.3821048762 1
92 108 108.84966183 3.7457036852 0
92 109 118.4057751 1.3730874874 1
92 110 97.435991202 3.2622489416 0
92 111 88.330906679 2.8123168879 0
92 112 84.896898112 3.772302849 1
92 113 101.08129654 5.3325797526 1
92 114 82.744760014 4.5260996789 0
95 1 102.60865683 6.4342805718 1
95 2 106.23378174 1.5234153514 1
95 3 113.40342645 9.4113360494 1
95 4 97.625760896 5.3974692779 0
95 5 100.14131484 3.6236003283 0
95 6 95.673291558 1.6142220019 1
95 7 110.89504054 6.1809960591 1
95 8 96.266353502 6.9897570924 1
95 9 97.949999801 1.0647363641 1
95 10 99.35180871 3.9524016091 1
95 11 109.82867511 1.1863171258 1
95 12 82.704797941 2.7227615627 1
95 13 125.23487556 2.3908196236 1
95 14 104.02233257 8.9167150028 1
95 15 101.70431513 3.7563323226 1
95 16 95.501376855 5.8569595665 1
95 17 96.131854802 13.730322415 1
95 18 97.991620724 1.2734082668 1
95 19 87.36652448 3.6852304792 1
95 20 121.87056723 8.0856577796 1
95 21 101.68859323 1.203979081 1
95 22 108.96855916 12.430649393 1
95 23 102.48913916 13.177136023 0
95 24 95.534631343 3.4909756172 1
95 25 90.198359691 9.8118599643 0
95 26 93.465067448 1.6119099065 1
95 27 94.150763287 18.8735491 1
95 28 95.758741278 13.728006232 1
95 29 103.97241778 5.403317752 1
95 30 111.16364821 3.3355501269 0
95 31 99.715694392 10.599587563 1
95 32 91.735744741 3.3830621407 1
95 33 106.82312084 2.2316218008 1
95 34 99.375149613 5.7697679775 1
95 35 95.430104386 12.946739629 1
95 36 91.890172272 1.8441061878 1
95 37 98.92893569 6.171310561 1
95 38 105.0474316 2.1812893546 1
95 39 96.524363408 13.759990495 1
95 40 94.251750539 1.619164878 1
95 41 104.61327654 1.2818099243 1
95 42 99.665713881 9.4790199483 0
95 43 81.213943694 3.4674193178 0
95 44 104.24636342 3.9591149097 0
95 45 98.311158759 3.7453236753 0
95 46 107.98438576 1.0132869192 1
95 47 90.657939898 3.6279416469 1
95 48 107.19708207 2.3545788763 1
95 49 109.93959299 4.301813018 1
95 50 101.77359849 3.3014256241 0
95 51 108.99063233 8.9494447233 1
95 52 89.770524625 3.5239222908 1
95 53 114.87082341 25.641141404 1
95 54 123.34570764 4.0038579993 1
95 55 99.383824582 3.5968157526 1
95 56 102.56450596 4.4148993745 1
95 57 100.95655726 6.8293274413 1
95 58 94.703740342 7.6743465148 0
95 59 84.416567078 4.5717888842 1
95 60 96.575871834 15.580225666 0
95 61 106.53224331 17.850800489 1
95 62 82.887717239 1.4409620679 0
95 63 108.582804 1.6951191706 0
95 64 97.79375403 1.2373870976 0
95 65 93.911532745 5.4841470703 1
95 66 100.82001348 9.6304114161 1
95 67 82.330654231 4.356214797 1
95 68 113.85507954 1.5211584799 0
95 69 88.89857945 3.0369513269 1
95 70 81.731840364 2.0364077888 0
95 71 88.886858219 9.2341704208 1
95 72 101.37810344 3.8911391725 1
95 73 104.48449068 10.760065383 1
95 74 91.966724983 4.5883826879 0
95 75 102.61927879 2.6751019708 1
95 76 109.90310973 5.5451025341 1
95 77 109.05721573 10.322561549 0
95 78 80.093806712 3.1805893028 1
95 79 100.85146076 8.3576844331 0
95 80 99.32853549 5.4004571008 0
95 81 107.5582082 11.584357595 1
95 82 103.2537807 2.812985325 1
95 83 84.326434058 13.337571283 1
95 84 89.865368627 9.5027276728 0
95 85 87.079073615 15.689537763 0
95 86 107.31714598 10.212441163 0
95 87 71.688384299 2.1937344518 1
95 88 93.889510693 6.5528576806 1
95 89 92.764468503 9.0248397908 1
95 90 96.847744576 15.259390442 1
95 91 110.34536667 3.1890763963 1
95 92 106.73037145 3.0269446418 1
95 93 91.726267945 15.108887738 1
95 94 104.1579523 11.383274033 0
95 95 121.02862074 2.1391751007 1
99 1 113.24162492 12.515267036 0
99 2 83.733967629 8.6902939085 0
99 3 101.93060871 13.410447859 1
99 4 96.043137433 2.4147492995 0
99 5 94.445848202 38.329826998 1
99 6 109.09124984 6.2972708742 1
99 7 88.85501799 23.814077869 0
99 8 96.26023656 6.2331358473 0
99 9 89.661802254 5.2908816406 0
99 10 96.27765614 1.1095541383 0
99 11 106.97339948 2.5661767219 1
99 12 96.712262844 2.0982518909 1
99 13 97.303522335 4.8561178435 1
99 14 103.4470344 6.5601782816 0
99 15 91.62860457 18.902663724 1
99 16 89.096351355 3.9336923895 1
99 17 79.937978043 1.0684548446 0
99 18 91.413444329 2.9187786394 1
99 19 110.79222701 22.42485806 1
99 20 80.510263951 17.125916014 0
99 21 101.70533914 11.09897033 0
99 22 89.787570555 5.1506222223 0
99 23 98.707182012 3.332528149 0
99 24 86.462216223 5.3063484508 1
99 25 108.78680748 3.398376091 1
99 26 82.705433706 4.5426241194 1
99 27 99.93214902 5.0310388218 0
99 28 108.05886607 2.4325305586 1
99 29 111.13494432 3.787509466 0
99 30 80.082933309 5.335847644 1
99 31 108.88705789 5.1446272605 0
99 32 89.890757469 5.5638098253 1
99 33 102.64834653 1.591132997 1
99 34 95.170781313 29.422706039 1
99 35 101.57634906 5.9171367266 0
99 36 104.56814789 2.9426919628 1
99 37 106.92272207 3.5983351057 0
99 38 112.91883721 2.2969074207 1
99 39 103.89882682 8.5146253286 0
99 40 95.325830335 5.2195879665 1
99 41 96.271376223 11.412827604 0
99 42 106.58918993 6.0103081974 0
99 43 96.746626096 9.6991454321 1
99 44 111.17754461 15.067790726 1
99 45 95.134863437 20.162721919 1
99 46 105.57513961 1.1355134778 0
99 47 98.812608802 8.2878091916 1
99 48 103.16383675 17.209389076 1
99 49 87.203204184 2.9165990631 0
99 50 113.67112951 6.3418558206 1
99 51 119.36933637 1.3933471253 1
99 52 109.55202715 2.3818011281 1
99 53 94.577761105 1.9803687805 0
99 54 108.19623196 5.3245353129 1
99 55 108.37977313 4.8873791872 1
99 56 100.59579192 7.8212246113 0
99 57 104.2819998 1.8990000606 0
99 58 96.683284342 2.9216793175 0
99 59 98.925144352 4.4651446172 0
99 60 89.689487199 1.7266874614 1
99 61 103.99257901 3.407316891 1
99 62 103.79441811 3.0519025354 0
99 63 99.78529573 3.1705068443 0
99 64 85.987247424 5.0321231946 0
99 65 99.031872939 1.418661451 1
99 66 108.83032429 2.2632813824 0
99 67 104.66728111 15.877229681 0
99 68 104.96519692 2.9335029886 1
99 69 95.804555374 3.3635586422 0
99 70 80.875323176 4.2100931748 1
99 71 84.521251855 10.066432659 1
99 72 86.479905115 18.404049208 1
99 73 111.26911135 15.998494199 1
99 74 106.16577276 2.4159985292 0
99 75 87.508720163 2.8838280973 0
99 76 100.26242521 21.983771169 0
99 77 90.378970456 5.2664674592 1
99 78 95.571758756 11.398742776 0
99 79 99.773526698 13.080477851 0
99 80 101.92809244 4.2852644588 1
99 81 95.446870243 2.5109737325 1
99 82 106.61268435 3.3712540703 0
99 83 109.38513326 15.072911989 0
99 84 97.737965509 5.2502684664 1
99 85 86.707630408 11.251722571 0
99 86 96.219703396 1.3959906159 1
99 87 111.41196874 24.872794497 0
99 88 87.000389782 5.9578359064 0
99 89 108.42346285 6.9341146599 1
99 90 104.24382896 3.6847580574 0
99 91 104.66584408 22.14010598 1
99 92 84.917014266 8.0529227982 1
99 93 106.76152418 8.1930114306 1
99 94 108.35399084 10.182714471 0
132 1 92.577166456 7.2697489417 1
132 2 90.683338131 3.2672821223 0
132 3 106.71084448 3.4726685749 1
132 4 82.250652346 10.213363109 1
132 5 107.00267629 2.8878872884 1
132 6 108.96790652 3.2719120616 1
132 7 101.4985871 3.2189253616 1
132 8 92.352158028 8.356882813 1
132 9 101.22343979 19.314795851 1
132 10 73.249207076 2.1234500182 0
132 11 94.780475869 2.5281479362 1
132 12 108.26747394 1.740617415 1
132 13 101.82138751 11.116789872 0
132 14 103.14936798 2.008220884 1
132 15 94.872321298 4.0233350669 0
132 16 116.57767572 7.9834272275 1
132 17 111.4454365 2.0926061386 0
132 18 100.34745429 5.4955848492 1
132 19 83.023472685 5.1475703992 1
132 20 92.523475754 2.7104918433 0
132 21 95.775511247 2.3370895957 1
132 22 110.92679949 8.5473659656 1
132 23 86.016204764 6.4694486316 1
132 24 115.9495471 5.1731138449 1
132 25 99.993841119 23.423078597 0
132 26 88.56099649 2.4711546184 0
132 27 97.193703563 12.155459828 1
132 28 109.82464681 2.4193237662 1
132 29 103.60112266 12.022913044 0
132 30 97.209917681 12.878252178 1
132 31 103.38992104 5.4416048245 0
132 32 108.64727938 16.352710108 1
132 33 83.639953097 1.0609881681 0
132 34 113.04538013 4.5635156943 1
132 35 98.669901502 6.5884493627 1
132 36 80.963161312 11.546941443 0
132 37 97.165101351 11.636926915 1
132 38 90.526288459 3.8438984144 1
132 39 109.2523285 9.6308296484 1
132 40 90.045364265 6.8134803761 1
132 41 94.049715526 15.270376586 1
132 42 87.261031738 3.3128859344 1
132 43 109.69878992 1.6097475658 1
132 44 81.251470085 4.4534188519 1
132 45 100.06925994 15.571736346 1
132 46 112.05442964 9.9416552452 1
132 47 87.608154655 3.673625421 0
132 48 108.12928919 13.594021924 0
132 49 77.536565804 2.3276201562 1
132 50 93.939509415 3.3097872784 1
132 51 84.795492847 2.9299085014 1
132 52 88.369350757 3.4175576723 0
132 53 108.83059903 3.4067986026 0
132 54 96.285339031 7.0102538256 0
132 55 114.3187486 3.1660692417 0
132 56 123.32047881 5.9939625263 0
132 57 91.761428351 2.6075860693 1
132 58 110.60020609 7.3893230489 0
132 59 93.403940302 6.0709985886 1
132 60 113.1643045 6.0606667905 0
132 61 104.59449005 9.5296441813 1
132 62 95.009889508 4.0349283473 1
132 63 105.61392241 10.383746758 1
132 64 107.3493678 5.970962049 1
132 65 80.393530331 2.6175033574 1
132 66 85.484600617 8.8710141386 0
132 67 82.237244852 7.3516670647 0
132 68 105.38577465 2.8629020889 1
132 69 101.16975691 2.8558174975 1
132 70 102.75214584 10.093738997 1
132 71 103.46170063 1.4278209694 1
132 72 106.15036031 1.1811890415 1
132 73 95.228817548 2.3182928182 1
132 74 98.293330893 1.227512286 0
132 75 84.616042235 1.2787128819 1
132 76 92.991916502 2.337349271 1
132 77 96.667325879 12.164122267 1
132 78 99.877392225 16.98644534 0
132 79 88.436416581 3.2769995584 1
132 80 106.11689675 7.3850374754 0
132 81 99.718775262 12.299184828 1
132 82 89.886631334 12.6153411 1
132 83 92.200770669 4.3069405057 1
132 84 104.77663878 1.2000644344 0
132 85 100.64605692 1.3148795282 1
132 86 91.077922768 3.0606801218 0
132 87 102.8561167 9.7843307872 1
132 88 87.149556215 2.0529055735 1
132 89 92.775932776 3.4394419274 1
132 90 81.135020723 1.3871468728 1
132 91 110.0915664 22.411791115 1
132 92 88.416623831 5.2573699777 0
132 93 107.96524421 6.4424222433 1
132 94 117.04785332 1.4420295561 1
132 95 105.13677469 17.107043277 1
132 96 110.47497491 7.7713793255 1
132 97 100.63984559 3.8314983487 1
132 98 121.26786359 4.1587008881 1
132 99 89.485707266 4.9720459414 0
132 100 103.28584072 2.7828123904 0
132 101 110.77421629 2.208884902 0
132 102 103.01051714 23.420022932 1
132 103 101.57441107 7.6330720868 0
132 104 95.2565697 4.1256000211 0
132 105 99.658397965 3.2497941256 1
132 106 121.91301694 8.0608363412 1
132 107 110.67057221 5.3205204628 0
132 108 111.08721763 5.3782724155 1
132 109 71.740689708 4.0079630011 1
132 110 120.57685693 1.7734291971 0
132 111 108.0882501 19.279149744 0
132 112 105.27293038 1.4853164392 1
132 113 109.87944127 4.4722139823 0
132 114 100.93162677 2.7489900579 1
132 115 92.274876301 14.565709903 1
132 116 88.361475994 4.0831352179 1
132 117 110.07054207 8.3540252315 1
134 1 89.804064848 17.246513553 0
134 2 111.18255299 6.8544241438 1
134 3 115.71869436 2.8948515192 1
134 4 108.72820177 20.911443276 1
134 5 105.13485029 6.2665146823 0
134 6 89.108797945 2.5999374426 1
134 7 115.44268868 2.9728476327 1
134 8 108.30267204 14.67258012 1
134 9 85.372390884 1.3844164184 0
134 10 101.59655664 1.0907926081 1
134 11 85.677397936 4.399062257 1
134 12 92.330075092 3.5112559299 0
134 13 102.42366248 4.0385850293 0
134 14 78.979787046 1.5709667494 1
134 15 91.639487413 6.9678443573 0
134 16 95.357855954 5.3381569962 1
134 17 96.284507468 7.4938572088 0
134 18 105.78283371 11.899522372 1
134 19 103.4093292 2.2826421768 1
134 20 96.034308559 2.0078041797 1
134 21 95.804441078 8.9368917349 0
134 22 94.209137644 2.9338007225 1
134 23 90.741704008 2.8968780164 0
134 24 97.277158332 8.3346982091 0
134 25 88.511721358 6.7212984542 0
134 26 92.958184615 2.2059859921 1
134 27 73.342392813 4.1277462971 1
134 28 93.667796771 7.7982271782 1
134 29 92.644721195 1.3255065952 1
134 30 94.853828928 12.623467006 1
134 31 95.586131631 9.5564455945 1
134 32 93.923003451 24.017595755 0
134 33 104.64686375 13.834445992 0
134 34 92.176677879 9.7393694747 0
134 35 105.32486808 3.9789291893 1
134 36 98.351187196 4.494883027 1
134 37 88.856680935 1.8833133569 1
134 38 105.86703774 1.8533882245 0
134 39 110.37879003 2.6389464975 0
134 40 99.58336223 5.9613710501 0
134 41 102.10724204 12.196130689 0
134 42 84.189467047 3.9459541955 1
134 43 89.615783841 1.6350507347 1
134 44 103.91061715 10.669110365 1
134 45 107.57535397 6.0972153598 1
134 46 99.703084793 1.568864269 0
134 47 104.24527213 1.2726377484 0
134 48 92.273942979 3.8359975384 1
134 49 99.238368896 1.4490879137 1
134 50 112.35266455 3.3886113659 1
134 51 105.01827707 13.314658298 1
134 52 106.60008254 7.8507834222 1
134 53 110.31526909 1.005320796 0
134 54 89.439372025 4.2438748042 0
134 55 94.660417095 1.2496043565 1
134 56 93.569378139 2.8566773501 0
134 57 110.62159455 5.0819817907 1
134 58 79.993850907 5.2054485309 0
134 59 93.93787559 9.5150031368 0
134 60 99.100019144 4.168191993 1
134 61 97.971537985 8.8314741822 1
134 62 107.81486708 6.1021744002 1
134 63 111.27641248 6.8911894821 1
134 64 104.04833278 2.7638558146 1
134 65 113.87814282 1.5339944514 0
134 66 95.669448624 6.4081293874 0
134 67 116.25300286 5.4420000974 0
134 68 110.80687955 9.9956999817 1
134 69 122.61713179 8.3877845548 0
134 70 94.365442874 6.3320788731 1
134 71 111.01368462 2.7417535737 0
134 72 93.269200727 6.7497660172 1
134 73 89.236573052 5.0058502885 1
134 74 98.597714193 7.0871014194 1
134 75 83.006750511 1.3847406379 1
134 76 97.369806372 1.3341776886 1
134 77 92.411320091 5.5845772688 1
134 78 87.12602833 4.641163999 0
134 79 84.048164543 2.7702495589 0
134 80 100.74091533 7.247405543 1
134 81 116.52004278 13.252786452 0
134 82 114.69229012 10.337288924 1
134 83 98.349970252 1.4797274158 1
134 84 105.66298777 6.2505293927 0
134 85 90.094911301 23.403761336 0
134 86 102.79773777 1.7464173339 0
134 87 107.3534722 6.8766570318 1
134 88 105.81063052 19.345809688 0
134 89 108.67785879 27.795681871 0
134 90 81.730875727 6.9036287884 0
134 91 105.85543888 24.811721013 1
134 92 96.946320292 7.1421287699 0
134 93 82.012019847 2.5225132063 0
134 94 107.97208564 4.1606410786 1
134 95 91.902158147 5.1996504446 1
134 96 94.759967474 8.6825497355 1
134 97 74.395974069 5.8377527656 1
134 98 90.99511519 2.613210206 0
134 99 77.410625741 16.922540644 1
134 100 104.32021337 19.208476649 1
134 101 92.433641562 5.4748652025 1
134 102 114.68762132 4.4723885908 0
134 103 106.01784372 2.2102923226 1
134 104 87.659654582 5.9492505398 0
134 105 87.749666215 4.4107768125 1
134 106 96.960970986 6.8072930014 1
134 107 88.063673225 4.2699728283 0
134 108 103.81560989 2.9510581754 0
134 109 91.391194598 2.6903110866 0
134 110 98.132754554 19.924305068 1
134 111 90.10384945 8.2188779173 1
134 112 105.94428826 11.070539952 1
134 113 84.985974073 1.1956329188 0
134 114 118.24280461 18.05431124 0
134 115 104.11476599 3.3309852506 0
134 116 106.99958428 22.087698405 0
134 117 106.33228657 6.5613242816 1
134 118 101.12296012 7.0005939352 1
134 119 93.610242815 7.0517232642 1
134 120 95.921866325 2.9030550982 0
134 121 86.293271247 15.204680495 1
134 122 124.17451848 6.4467166314 1
134 123 99.606363207 16.423646041 0
134 124 89.135846112 2.3601370719 1
134 125 103.63594266 6.0647829846 0
134 126 108.64442165 15.305141475 0
134 127 98.4869779 4.7560945348 1
134 128 113.18921002 10.898604519 1
134 129 112.06328607 8.8769192294 0
154 1 102.62012587 1.001008984 0
154 2 94.649605323 8.4700703326 1
154 3 98.012604005 23.227077163 1
154 4 115.41654652 6.8101826946 1
154 5 102.87235434 2.1479911649 0
154 6 103.32953162 2.186338078 0
154 7 99.788925713 2.2054959098 0
154 8 114.61401668 7.5293878749 0
154 9 102.35432117 4.3121211203 1
154 10 88.214039373 34.051010369 1
154 11 94.279346539 5.9017738118 1
154 12 115.09525547 4.2194182956 1
154 13 94.958216439 3.9335734153 1
154 14 100.20916591 7.0023762697 0
154 15 98.373028902 3.9575357684 1
154 16 93.01497096 3.3750531556 0
154 17 90.036793151 26.58704249 0
154 18 92.648307543 2.1999828867 1
154 19 115.61174848 13.471260118 0
154 20 113.56812886 21.426612981 1
154 21 103.53044162 5.4681065139 0
154 22 107.3032273 19.119142825 1
154 23 89.530509102 4.3378138611 1
154 24 99.511742687 1.4522578326 0
154 25 101.59410951 4.4552577242 1
154 26 116.87661767 21.776398449 1
154 27 108.9167565 5.410656531 1
154 28 98.837096669 5.7128726169 0
154 29 98.820915867 1.6770298156 0
154 30 96.253875997 5.2174870218 0
154 31 98.398729949 10.213013582 1
154 32 100.17155008 11.841629827 1
154 33 100.80073043 4.7863958156 1
154 34 103.49072365 6.3686748447 1
154 35 104.10175416 9.9656455287 1
154 36 94.631511623 1.455464356 1
154 37 111.81106123 4.3330459741 1
154 38 105.64724868 7.4860966799 0
154 39 102.69961834 4.8686875994 1
154 40 97.759065408 17.657839122 0
154 41 87.670180811 19.566046781 1
154 42 108.38382513 5.5155524465 1
154 43 101.7454361 13.038560513 0
154 44 88.803088946 12.647767798 0
154 45 110.60535028 6.2786725287 1
154 46 94.288955614 3.4541995536 0
154 47 92.961778153 2.8988223406 1
154 48 110.91395244 12.539858508 0
154 49 87.519432155 12.546965471 1
154 50 112.40997917 1.2208616529 1
154 51 83.457559012 13.400145539 0
154 52 106.16886224 7.3582205804 0
154 53 93.49520877 2.1827023102 1
154 54 97.921158668 3.2298877938 0
154 55 99.155946303 1.8600951349 0
154 56 91.48829251 27.694474387 1
154 57 94.860584116 1.8358309901 1
154 58 116.37433904 4.420457951 1
154 59 108.67926873 27.797952301 0
154 60 91.368992444 9.0010432001 1
154 61 101.83242317 7.0403068024 1
154 62 95.898936731 11.434008519 1
154 63 100.04933349 6.3724897312 0
154 64 90.816188281 4.7078531137 0
154 65 96.789493054 16.741243305 0
154 66 100.37130332 20.33894509 0
154 67 84.313815587 5.6021498099 1
154 68 111.11702222 3.9008588715 0
154 69 98.614241732 25.209031756 0
154 70 107.18379778 6.3773922414 0
154 71 96.232629837 2.7507442154 1
154 72 75.074244933 1.1146936167 0
154 73 83.282871897 6.1413917225 1
154 74 81.402593115 4.7542916157 1
154 75 97.383376976 5.2674226586 1
154 76 91.953589698 13.026277102 0
154 77 102.88666033 3.2925315286 1
154 78 115.61367057 2.6250911241 0
154 79 96.465705952 2.272024098 1
154 80 107.81321232 1.7371423578 1
154 81 97.838697052 3.9552382364 1
154 82 89.535026104 5.5739421046 1
154 83 93.530478638 1.972097638 1
154 84 97.884273558 3.7461632927 1
154 85 106.19140024 16.503212608 1
154 86 94.86775217 11.98889814 1
154 87 77.053777653 3.6945346336 0
154 88 85.838851593 32.776631905 0
154 89 91.186631411 3.9094544769 1
154 90 108.54199494 3.4051542612 1
154 91 94.896718954 1.6199534246 1
154 92 70.988054003 5.2009614669 1
154 93 117.09350813 5.5275095353 0
154 94 113.82533466 24.875879862 0
154 95 89.045616171 4.7832457676 0
154 96 87.340827766 4.0794559943 1
154 97 85.919445736 2.568441809 0
154 98 96.050536141 5.8169320382 0
154 99 110.36706679 5.4099254036 1
154 100 107.47554097 11.413961966 1
154 101 89.246837952 19.535125114 0
154 102 91.638402304 6.437545652 0
154 103 87.720320795 7.4802214901 0
154 104 88.392754248 7.7741454514 0
154 105 78.864865069 6.1518399545 0
154 106 112.06380877 2.7336428571 1
154 107 100.99101488 2.9206320524 1
154 108 93.913010829 1.0519456844 0
154 109 88.512254185 10.503186852 1
154 110 97.337103674 1.9484755721 1
154 111 96.550276455 16.73748335 0
154 112 85.001559746 4.8343650662 1
154 113 95.060451726 4.4875730335 0
154 114 94.363262569 1.4295712725 1
154 115 99.557012136 1.6692205773 1
154 116 112.51930655 13.473802913 0
154 117 103.811816 3.9409841938 0
154 118 105.44697339 5.7003256748 1
154 119 109.39675552 21.610047534 1
154 120 91.840510445 3.6897446421 1
154 121 94.931067411 9.3052106352 0
154 122 97.080334941 2.3848273302 0
154 123 117.18929569 5.3075172552 1
154 124 109.70263558 3.1965330416 1
154 125 98.727442234 11.227469394 1
154 126 109.67824398 1.8469379991 1
154 127 115.0304753 11.123551571 1
154 128 97.952886876 3.2908367017 1
154 129 105.21756891 3.9903744189 0
154 130 99.369804343 3.0729174968 1
154 131 91.053298898 2.0165815034 1
154 132 80.693348566 3.0811110501 0
154 133 109.48683695 5.3132279309 0
154 134 91.851090123 20.17440902 1
176 1 104.93131208 8.2625181142 1
176 2 100.2061318 9.3201747742 0
176 3 81.123516183 10.613956666 1
176 4 80.986510456 20.368156323 1
176 5 102.28054468 10.687934871 0
176 6 92.334881331 3.8792798422 1
176 7 104.14846454 4.5539178065 1
176 8 112.07492488 10.327309819 0
176 9 91.800547677 3.0596758442 1
176 10 110.68933793 2.0034433446 0
176 11 113.67382689 2.7362938772 1
176 12 111.77029289 9.5780239011 0
176 13 106.86381422 8.600022235 0
176 14 117.66695803 18.934732824 1
176 15 104.29449809 1.5171772315 1
176 16 113.78785797 7.5106892544 1
176 17 103.48661034 2.6954316804 0
176 18 88.502498275 4.9275216247 1
176 19 91.975078194 10.983666295 0
176 20 116.0852877 22.090818862 0
176 21 92.850480901 2.5159918528 1
176 22 96.874496841 15.274041839 0
176 23 93.54408869 19.839622388 1
176 24 100.97771983 10.438924473 0
176 25 91.945825104 13.503259724 1
176 26 112.38925406 2.4738353202 1
176 27 99.779816535 3.1120809622 0
176 28 98.964668823 5.966833884 1
176 29 100.95791615 2.2113328574 0
176 30 124.3349223 32.860832505 0
176 31 98.391310121 1.0536891946 1
176 32 115.38506618 1.592114005 0
176 33 71.67430231 18.374715503 1
176 34 97.531406601 11.832152998 1
176 35 100.73538047 2.3556611145 0
176 36 104.17269444 10.236731848 1
176 37 99.547016715 16.469509874 0
176 38 103.5672779 4.915013001 0
176 39 80.844896687 8.0817506902 1
176 40 79.183225297 8.2511867979 1
176 41 94.376836414 1.2156187258 0
176 42 86.212083482 3.3861943351 0
176 43 97.683320286 3.2889921322 0
176 44 77.631303648 5.8471660504 0
176 45 102.05859311 8.410776608 1
176 46 85.303992257 1.009802845 0
176 47 100.94646957 4.6450191002 0
176 48 112.23471468 4.0919556067 1
176 49 108.88123303 19.283280478 1
176 50 103.35505933 10.22064827 1
176 51 95.435353254 1.5893276796 0
176 52 89.24209654 17.359896878 0
176 53 85.085061108 6.4523920944 0
176 54 94.979302471 2.5104731106 1
176 55 90.338514808 1.7625502821 1
176 56 111.90455828 10.933163343 1
176 57 96.614675171 2.3394719671 0
176 58 104.97538651 1.0992717671 1
176 59 94.023616187 8.1227846417 1
176 60 105.73722695 17.035683294 1
176 61 100.66397164 9.5380684692 1
176 62 93.898475143 10.467621485 0
176 63 95.07570827 2.65673364 1
176 64 107.64618755 7.647601344 1
176 65 89.974625038 5.9068651261 0
176 66 116.16946071 25.130477155 0
176 67 91.281686456 1.5672512578 0
176 68 102.6774091 5.4625063552 1
176 69 72.99467242 9.2916838467 1
176 70 94.981729115 3.323936773 0
176 71 88.210243278 2.8457715375 0
176 72 110.4321985 6.3357268656 0
176 73 97.765327703 1.5205454662 1
176 74 109.60470306 17.716699286 0
176 75 82.569190794 3.3600819818 1
176 76 92.848410584 3.3220340617 0
176 77 88.210435505 7.89249172 1
176 78 99.468877681 16.167667755 0
176 79 110.16346591 4.5496518824 0
176 80 101.20254589 18.990214791 1
176 81 115.24413189 1.015265244 0
176 82 80.812922721 1.3093186274 0
176 83 111.67960996 7.6399720789 0
176 84 101.34115832 2.5215970285 1
176 85 101.16121711 6.9965523584 0
176 86 88.3126315 6.3237699131 1
176 87 81.76334636 15.583677601 1
176 88 111.52571026 2.0247048077 0
176 89 106.12976341 1.6830327711 1
176 90 102.23290842 3.513926658 1
176 91 117.41309617 7.4605797588 0
176 92 99.695529208 1.3468923968 1
176 93 94.594543109 1.9808585923 0
176 94 111.75904846 11.32067735 0
176 95 100.9264416 10.297864412 1
176 96 100.9810517 7.1680826071 1
176 97 113.39464548 13.949600419 0
176 98 111.00451882 1.9007494295 0
176 99 101.25475608 16.872553127 0
176 100 105.36479709 5.2369146576 0
176 101 106.44031364 9.1551692325 1
176 102 95.45245187 1.5283036287 1
176 103 85.424759079 7.808359596 0
176 104 97.99501392 10.69058282 1
176 105 101.01551373 4.3694241516 1
176 106 80.858753611 9.8266810102 0
176 107 92.648597323 4.1215269469 1
176 108 79.764027166 32.420348277 1
176 109 87.662475069 1.6497994892 0
176 110 118.27759001 3.9063600542 0
176 111 93.807152597 22.089662195 0
176 112 110.22954251 2.1979997212 1
176 113 97.768043789 1.0882291858 1
176 114 104.66593816 1.8463258433 1
176 115 101.43640208 3.7895376393 0
176 116 110.70687811 8.9869791695 0
176 117 97.503096012 6.9978215952 1
176 118 105.96513844 4.2776051326 1
176 119 107.22084772 7.1406413536 0
176 120 108.88255582 3.5105441893 1
176 121 101.23542325 1.8998971222 0
176 122 94.850449989 3.706113845 0
176 123 95.116019804 8.8729520968 0
176 124 102.3346116 1.5081340359 1
176 125 108.08457807 2.1988271248 1
176 126 97.26590675 3.7558108121 1
176 127 88.713597495 6.5901341864 1
176 128 95.954508576 3.9274112152 1
176 129 118.10838193 11.143181981 0
176 130 101.35637244 4.0813260781 0
176 131 91.57874719 3.5448757844 1
176 132 90.942258357 3.2495961308 0
176 133 94.810562815 2.3184198783 1
176 134 112.42417126 3.8466799789 1
176 135 118.73070405 2.2939314642 1
176 136 115.3296608 1.6668537397 0
176 137 105.95955164 12.290186 1
176 138 117.68233548 1.4127775629 0
176 139 91.843686687 1.9869842587 0
176 140 103.31845595 9.3740188855 1
176 141 88.061964166 1.0533099772 1
176 142 92.6875421 5.449287107 1
176 143 98.160552519 5.5714285993 1
176 144 99.423737335 4.539464821 1
176 145 118.79691979 14.00273753 1
176 146 95.635239135 9.0729589024 1
176 147 96.928341134 14.180959322 1
176 148 93.500089762 1.1233811033 0
176 149 107.48573218 1.9320664254 0
176 150 102.64606309 1.911214507 1
176 151 106.88444084 4.3140146663 1
183 1 93.906013834 6.0131459412 1
183 2 106.29894946 3.4992367186 0
183 3 101.20763618 1.338879987 1
183 4 92.711033189 1.4202642808 0
183 5 113.8693516 11.189433735 0
183 6 91.767164482 10.357702742 0
183 7 98.496123337 9.2899326177 0
183 8 97.157018722 4.1698909965 0
183 9 105.26004356 1.6033305215 1
183 10 115.03308889 1.9759793175 1
183 11 77.742123499 5.010952746 0
183 12 111.37874109 4.8888747916 1
183 13 98.071379658 8.301807805 0
183 14 79.950353565 8.2326487799 1
183 15 99.654996168 1.0458302983 1
183 16 93.83388915 1.5439282921 1
183 17 89.682235372 1.3565845239 0
183 18 112.33360092 4.4457906067 0
183 19 93.537527466 13.229139954 1
183 20 95.903075657 14.092648897 1
183 21 100.64006229 8.9413994497 1
183 22 106.43465188 3.9620863457 1
183 23 94.34602017 1.8503415937 1
183 24 104.30884476 10.650574597 0
183 25 106.94883692 8.4284679093 0
183 26 104.0345014 1.5652828157 1
183 27 103.96482116 9.2184747431 0
183 28 94.962106212 9.519185341 1
183 29 99.766145921 2.2208976589 1
183 30 97.710205691 9.1339519283 1
183 31 104.81754931 16.68730648 0
183 32 100.96975888 2.1475619336 1
183 33 100.67878274 11.124582172 1
183 34 99.907377082 3.3352753745 1
183 35 96.00309911 2.8396743383 0
183 36 100.86654693 5.8085957259 1
183 37 109.47782423 10.951378284 1
183 38 120.55141617 4.1226708862 0
183 39 98.368405515 1.7712504409 1
183 40 107.00918015 3.918251097 1
183 41 104.87849237 5.6943241424 0
183 42 90.334499284 5.4701252985 0
183 43 89.673633894 5.641107441 1
183 44 101.08723321 1.9595903525 1
183 45 111.58033555 6.8443526404 1
183 46 92.034186588 4.1517951431 1
183 47 93.148432908 3.0640635244 1
183 48 116.55244606 14.629365756 1
183 49 100.60660549 10.730412305 0
183 50 94.283891022 27.175974261 1
183 51 109.07367517 5.3392524392 1
183 52 85.642616937 16.092232183 0
183 53 115.37213902 4.012517684 1
183 54 105.69670975 2.9775145557 0
183 55 102.75388926 16.744541258 1
183 56 100.49182019 3.7812512054 1
183 57 90.91379082 13.183372578 1
183 58 104.58280822 1.7171647272 1
183 59 98.04786293 6.4878720959 0
183 60 98.734037396 4.701978112 1
183 61 90.786146057 15.167536234 0
183 62 87.209244216 3.9277885942 1
183 63 91.645844229 2.2298518806 0
183 64 93.03058619 13.088274366 0
183 65 106.19768018 4.7745198896 0
183 66 91.196675662 2.788547107 1
183 67 96.063213646 27.700251067 1
183 68 84.439389731 3.744962892 1
183 69 94.594302884 4.9693600229 0
183 70 102.52808753 6.8798721371 1
183 71 110.64243927 18.231020073 1
183 72 113.39701509 8.826361168 1
183 73 70.176900761 2.3274090485 1
183 74 99.449896236 5.6969263599 0
183 75 75.91370669 3.0404700071 1
183 76 108.29958161 11.293644805 0
183 77 108.68628005 5.6697603636 0
183 78 102.45123327 2.3159368794 0
183 79 105.22907969 5.9400532171 1
183 80 101.72221611 8.3366045302 0
183 81 95.264055932 1.2322377306 1
183 82 105.29783694 3.2191244597 0
183 83 93.268054715 6.5690741135 1
183 84 103.73833309 2.4601503755 1
183 85 81.833362455 2.0126590954 0
183 86 88.391118958 3.7999968256 1
183 87 90.457974231 9.2176914919 0
183 88 106.05150815 15.654024735 1
183 89 93.354613719 1.6387546621 0
183 90 117.85120433 1.4149073184 1
183 91 83.822131166 1.6206432737 1
183 92 87.604323988 3.4309830782 1
183 93 111.14780127 1.4589593629 0
183 94 109.58902696 1.1545420796 1
183 95 99.445992007 31.01256955 1
183 96 100.44195825 7.3293087026 1
183 97 102.37691988 8.1019712065 0
183 98 80.349676012 2.0303798466 1
183 99 98.460254944 5.5783109939 0
183 100 85.929330564 7.7962754122 1
183 101 95.212603864 3.9179808934 1
183 102 97.252776653 15.287672958 1
183 103 112.82144031 1.557939135 0
183 104 85.350284217 2.9965402156 0
183 105 100.88923038 13.307239473 1
183 106 93.181577261 9.8697290713 1
183 107 94.785852801 2.7494836458 1
183 108 102.89178444 1.4586334415 1
183 109 99.904695212 6.195108653 0
183 110 80.536347547 1.4105380394 0
183 111 90.726746867 7.3257809596 0
183 112 115.81059676 3.1143353088 0
183 113 96.009387956 1.9411449211 0
183 114 102.77620665 10.316604556 1
183 115 108.41872028 2.2678707639 0
183 116 94.476407193 5.9298512848 1
183 117 102.49087946 5.815161062 1
183 118 105.68295305 11.793578129 0
183 119 86.737287402 2.6869305788 1
183 120 95.819250507 6.6153599723 1
183 121 114.19500922 4.0564972875 0
183 122 110.21439141 7.7734413842 1
183 123 104.75577749 1.7739749318 0
183 124 97.55779532 9.6510011856 1
183 125 85.327674323 3.2145630272 1
183 126 90.722718052 15.261608615 0
183 127 105.721117 8.6401239678 1
183 128 97.811887578 14.763316537 0
183 129 97.877897354 9.5576488373 0
183 130 82.064048502 5.4628582544 1
183 131 90.923052129 12.209496612 1
183 132 84.378902148 10.391993539 0
183 133 106.64007006 14.09490918 1
183 134 88.793021472 1.2678184458 1
183 135 109.42979425 8.2460912476 1
183 136 83.99342277 2.115248278 1
183 137 93.660031213 2.7607558421 0
183 138 90.376822333 2.5515428682 1
183 139 93.752482527 12.459664051 1
183 140 108.87873175 1.8448436488 0
183 141 89.526649773 6.0108977804 1
183 142 81.209486257 2.9838595805 0
183 143 103.52840781 8.2766933523 1
183 144 105.94387542 2.4867863979 1
183 145 87.715919805 4.9882675882 1
183 146 98.454688012 10.304972126 0
183 147 112.63219828 8.16645936 1
190 1 111.27095751 5.18138854 1
190 2 84.014947476 3.3942668468 1
190 3 98.553344602 1.1593279511 1
190 4 87.121586455 7.0480095924 1
190 5 78.730408032 6.1313166202 0
190 6 97.053838732 4.8860475897 0
190 7 114.74391733 2.529411521 1
190 8 93.727457539 3.1823422122 1
190 9 94.925327888 8.77625102 1
190 10 115.47163608 9.2713558676 1
190 11 102.60137636 2.9482904502 0
190 12 91.577455366 4.6819052382 1
190 13 102.72931563 7.4218055795 1
190 14 97.666478329 8.2678379101 1
190 15 92.683691129 12.032666095 0
190 16 111.13413965 1.743361152 1
190 17 102.13426027 5.3574729816 1
190 18 99.314472684 6.8221166909 1
190 19 127.43620849 3.7508166537 1
190 20 115.4553109 8.7732735995 0
190 21 110.59061717 1.2492847506 1
190 22 115.62524697 17.00600659 1
190 23 92.823925127 15.039075582 0
190 24 108.14080844 2.1737748556 1
190 25 104.13029456 10.431471117 1
190 26 100.85486096 19.818288667 1
190 27 96.935360001 1.5071990901 1
190 28 93.705274955 31.869884446 0
190 29 111.14070286 3.5981586684 1
190 30 101.48450531 2.4010533409 1
190 31 111.26729036 1.5069051944 1
190 32 95.50917353 6.1904579446 0
190 33 91.69714323 20.484590017 1
190 34 89.316434503 1.7921102977 0
190 35 93.425315184 5.154176732 0
190 36 91.546156009 1.1456373292 0
190 37 77.729300854 3.0546153765 1
190 38 104.07600145 1.66153515 1
190 39 98.794824489 6.477124977 1
190 40 92.78159552 8.0440188183 1
190 41 93.18559208 5.6070948786 1
190 42 103.08046448 11.543779207 1
190 43 99.973712723 4.316657115 1
190 44 98.166747617 15.559549256 0
190 45 108.65405728 1.8372493895 1
190 46 90.922895214 8.8237224758 1
190 47 94.997785932 2.0392236356 1
190 48 102.21698739 2.4129976485 1
190 49 87.715690968 7.2771624944 1
190 50 100.39940988 11.861515319 0
190 51 110.32401895 1.3673622021 0
190 52 106.5026396 2.8737631082 1
190 53 100.24906837 19.432806925 0
190 54 105.73750071 1.2312807114 1
190 55 96.655791011 8.3837737377 0
190 56 100.86065807 2.5149393147 1
190 57 97.026771982 21.266856909 1
190 58 105.86475737 2.0800896268 0
190 59 103.62349233 8.7674014397 1
190 60 101.06180137 1.7634745461 0
190 61 91.975940782 6.0512867497 0
190 62 81.48312652 10.23282152 1
190 63 94.392131384 12.595627633 1
190 64 108.40504453 18.406883595 0
190 65 98.021417588 5.6619352899 1
190 66 109.24133627 2.2198121415 1
190 67 113.65729817 12.661180673 1
190 68 111.64380633 12.401220107 1
190 69 93.510804678 2.9079396299 1
190 70 106.04633089 2.7414263251 0
190 71 96.16176196 6.5994638604 1
190 72 95.886578673 6.7281015644 0
190 73 97.585405929 3.0821960534 1
190 74 126.04833416 25.165093475 1
190 75 111.70637252 1.3980155258 0
190 76 96.504745852 6.905426177 0
190 77 103.12616797 8.859637945 1
190 78 102.59906723 4.8760363064 0
190 79 99.353568235 21.653973047 1
190 80 120.17046721 31.62055482 0
190 81 104.41094404 3.359317875 1
190 82 106.7800373 8.9000519268 1
190 83 106.84570522 2.2175100163 1
190 84 83.683649592 3.8175470022 1
190 85 112.26164992 2.6081219381 0
190 86 110.54996813 10.634538778 0
190 87 81.217932909 3.3042926823 0
190 88 90.345234375 15.692427462 1
190 89 101.82686157 3.2630089524 1
190 90 102.23996144 3.3329284183 0
190 91 119.99554665 5.9557680849 0
190 92 92.6421771 10.902069501 1
190 93 99.572667393 16.745519384 0
190 94 104.52717148 3.9568005346 1
190 95 93.835851998 4.3340377283 0
190 96 106.66379912 2.468809042 1
190 97 106.76007693 6.4755775553 1
190 98 98.858537406 2.8028575003 0
190 99 95.364088352 6.698153922 1
190 100 108.97724724 8.3508141308 1
190 101 111.34717464 3.6952031099 0
190 102 110.82602666 4.4414749463 0
190 103 104.82316109 2.6791806589 1
190 104 94.52617094 4.971307848 1
190 105 92.513498494 15.094289006 1
190 106 91.53102459 9.8915289907 1
190 107 86.064112179 1.0875763375 1
190 108 90.053993664 5.3503573839 0
190 109 92.461860387 5.8372023552 1
190 110 112.52237554 3.725564433 1
190 111 114.15758183 6.6958587776 1
190 112 126.9040121 34.536248158 0
190 113 106.07746302 3.2418639701 1
190 114 97.872307574 5.0615820494 1
190 115 92.041339139 1.7784556344 1
190 116 98.135566282 3.9414364832 1
190 117 103.53269458 1.8252496673 1
190 118 101.28389212 12.787101105 1
190 119 125.13585553 5.3490811788 0
190 120 93.256404911 6.7520357735 1
190 121 84.682100058 5.6460331101 1
190 122 95.945348588 21.425976372 1
190 123 107.5859622 1.8321179491 0
190 124 104.08491587 11.417877641 1
190 125 102.08604996 10.90192243 1
190 126 89.568917415 6.5034727084 1
190 127 126.43801093 5.6274707434 1
190 128 87.437053267 2.3174911198 0
190 129 87.872797411 3.4884213447 1
190 130 108.35025171 4.9162453535 1
190 131 95.84888718 1.0661654118 1
190 132 85.340713809 1.5552017661 1
190 133 72.777460138 8.5870928234 0
190 134 122.96424131 4.3982839301 0
190 135 91.036222258 5.0060879551 0
190 136 93.868395215 9.1969531907 1
190 137 87.027690377 6.2959683471 1
190 138 100.75810765 4.7290311015 0
190 139 86.24320432 3.0672663885 0
190 140 107.19596988 14.922239442 1
190 141 94.755653228 4.8482607844 0
190 142 108.07296299 4.1097206993 1
190 143 109.79165244 5.587136104 1
190 144 100.61030381 2.0487151259 0
190 145 119.33069374 2.0404179306 0
190 146 106.09967015 9.6280215177 1
190 147 104.09051433 7.160167522 1
198 1 88.813669903 1.7479098431 0
198 2 96.892696394 1.5288731248 0
198 3 75.52523969 1.4287490375 1
198 4 97.386600974 4.2371399364 1
198 5 92.703459443 3.5936227678 1
198 6 104.90705468 1.1031846913 1
198 7 84.225162426 4.8986977185 1
198 8 112.57924011 4.4999760834 1
198 9 105.52090982 2.1053374414 1
198 10 98.154653687 3.1784596014 1
198 11 119.75508526 7.0995752222 1
198 12 95.463394651 8.893889596 0
198 13 119.87380697 2.0983531827 0
198 14 113.20985244 12.767316524 1
198 15 114.69909116 3.8522966818 0
198 16 106.72269143 7.3238385797 1
198 17 90.8341971 8.9554807551 0
198 18 85.60617347 5.094489842 1
198 19 99.500363572 9.1992883734 1
198 20 102.75272925 10.377627899 1
198 21 103.77566111 1.3200019677 0
198 22 109.14203176 2.3497587014 0
198 23 103.65902681 15.437043536 1
198 24 88.786328026 20.771892931 1
198 25 107.2045103 1.6343886714 0
198 26 86.751125835 5.4004337794 1
198 27 95.923735128 8.7025945801 1
198 28 102.42786079 1.0926356778 0
198 29 100.75775746 1.5377343276 1
198 30 93.796814861 9.653077782 0
198 31 107.0525918 2.7987712383 1
198 32 110.69298018 7.26281617 1
198 33 90.654605722 3.1316638757 1
198 34 91.11088333 20.580986773 0
198 35 104.7183251 3.8357836287 1
198 36 103.29307385 1.3613807763 1
198 37 105.77882335 5.5941104759 1
198 38 83.542623325 3.3538285121 1
198 39 99.565241651 6.8489419442 1
198 40 113.57338203 3.302066345 1
198 41 101.16224193 16.242352278 1
198 42 93.919498997 1.3045672952 0
198 43 90.413687405 4.6058579164 0
198 44 129.65315148 4.9205291076 0
198 45 100.9695573 4.3153897837 0
198 46 126.94481671 1.8458323348 1
198 47 99.005752924 11.081374661 0
198 48 112.57713772 1.6884628806 1
198 49 93.423137346 3.0971229948 0
198 50 91.226610279 2.9483935641 1
198 51 101.21135208 7.5475303252 1
198 52 114.1452569 12.743646716 1
198 53 112.5473797 7.394746449 1
198 54 98.002208435 8.3339657201 1
198 55 98.374445616 12.126958509 0
198 56 85.81142016 3.1431994185 0
198 57 110.58648005 3.1466113168 0
198 58 101.89441468 2.6839944465 1
198 59 94.655470675 3.8253528621 0
198 60 82.916853612 4.0566181375 1
198 61 105.7232462 3.7021971764 0
198 62 97.022964781 2.8046762928 1
198 63 116.3786188 1.5435496461 1
198 64 111.17010905 4.7814416035 0
198 65 109.41312222 1.6346724321 0
198 66 100.16915031 4.0868960222 1
198 67 87.705103296 6.4487131104 1
198 68 101.78880456 11.736031097 1
198 69 103.55116065 3.5031424838 1
198 70 94.368330831 5.6865148806 0
198 71 101.04136599 11.802279854 0
198 72 103.6180801 3.3487268646 1
198 73 97.116185381 7.6227481851 0
198 74 97.521482549 3.21025192 1
198 75 103.52262201 8.5180418882 1
198 76 111.8202098 5.2138420419 0
198 77 87.690890641 2.6497042216 1
198 78 102.84125388 13.712267386 1
198 79 89.986133245 50.71904373 0
198 80 91.303286059 5.1877662331 0
198 81 115.97708869 1.0333710573 0
198 82 95.543490113 9.9459321562 0
198 83 97.958346245 5.9267706465 0
198 84 101.32801553 2.3170055129 0
198 85 100.8544866 16.479040705 1
198 86 90.285987364 6.0836252621 1
198 87 95.826469249 3.0046347805 1
198 88 111.43840842 26.721410279 1
198 89 107.30456391 16.773357402 0
198 90 98.473812333 8.8286047286 1
198 91 104.44906948 2.6793547986 1
198 92 95.553477637 2.6299793096 0
198 93 111.01900551 3.7574585244 1
198 94 92.847176449 16.774368924 1
198 95 109.33663585 9.3689791709 0
198 96 93.122652522 4.4743991567 0
198 97 106.47105224 1.5893022035 1
198 98 95.828351149 11.355646412 0
198 99 97.740576027 2.5699969994 1
198 100 94.966091496 15.219710762 0
198 101 100.91886205 12.701730437 1
198 102 89.80650668 4.3142188848 1
198 103 98.12058167 15.686504201 0
198 104 112.24757433 1.296897982 1
198 105 95.595607568 5.625008714 1
198 106 93.993810621 13.240569571 0
198 107 92.809178682 4.711357118 1
198 108 100.95730104 10.006840486 0
198 109 84.715181483 5.3466270732 1
198 110 116.94662182 2.6724917576 1
198 111 97.834777218 1.5934037334 1
198 112 104.362365 10.621008656 1
198 113 114.73088069 4.5992306752 0
198 114 99.700322763 1.5134997172 1
198 115 99.346706329 5.7871434205 0
198 116 109.66001307 2.0993736327 0
198 117 107.09562892 1.0567004873 0
198 118 109.89647939 2.680154331 1
198 119 90.0197021 5.2928520221 1
198 120 74.77139516 3.2261293419 0
198 121 107.35362996 1.8009924998 1
198 122 84.493494433 1.1151600101 1
198 123 104.40622565 2.7406357294 1
198 124 106.42023117 4.0515533287 0
198 125 109.08323543 16.078093413 1
198 126 83.921369702 3.2476096169 1
198 127 105.64217313 2.5385134147 0
198 128 100.54303396 6.5307210822 1
198 129 94.616406781 4.0317146058 1
198 130 108.28889825 4.3018134101 0
198 131 112.49108166 5.0310181868 1
198 132 102.42536327 8.1998136675 1
198 133 100.34342021 2.4974765721 0
198 134 101.23142135 3.4612610272 0
198 135 107.43049467 2.6173077763 1
198 136 95.846551884 4.5228727841 1
198 137 98.539390218 1.59009966 1
198 138 89.518670693 6.4918790097 1
198 139 105.7457388 11.426220913 1
198 140 106.55396318 15.341291919 1
198 141 108.91640534 1.5624956249 1
198 142 102.65589331 8.3757969585 0
198 143 118.35717487 8.8939694042 0
198 144 94.483791637 1.751695408 0
198 145 90.19571187 15.32348245 1
198 146 120.04122442 13.506025909 0
198 147 104.56105456 14.099841641 0
198 148 100.03847732 6.4318312499 1
198 149 112.61736638 4.8087172354 1
198 150 96.93830145 4.7289730969 0
198 151 101.44338056 3.2567993952 1
198 152 94.457906997 19.93535316 1
215 1 96.250221997 16.55533936 1
215 2 118.32218044 2.67509317 1
215 3 113.53899923 11.413364828 0
215 4 115.26348716 9.9563495337 1
215 5 103.60535076 14.081630293 1
215 6 105.7676749 5.6131816924 1
215 7 111.65102442 14.941537111 0
215 8 93.398335661 2.9406725822 1
215 9 80.250047352 8.4407000491 1
215 10 81.540915546 5.7524924451 1
215 11 106.66468285 2.098382769 0
215 12 88.912646113 8.2228761734 0
215 13 96.823169267 4.492992186 0
215 14 96.997124045 2.7750906218 1
215 15 110.37098682 7.8717703964 0
215 16 109.55331585 13.488680982 0
215 17 105.16769823 7.8364306774 1
215 18 88.836079889 12.31120089 0
215 19 96.076045791 14.653531137 0
215 20 113.01349028 1.4622908984 0
215 21 89.467199464 6.1273343608 0
215 22 103.78075796 4.3291316229 1
215 23 103.77122525 3.6200496247 0
215 24 89.095590471 5.4446460364 1
215 25 118.07654486 4.982938278 1
215 26 112.0513134 2.1637169758 0
215 27 99.126293911 2.9323783933 1
215 28 101.30702702 12.507636015 1
215 29 101.77569252 14.664030329 0
215 30 103.71895981 2.1539361632 0
215 31 100.8406509 4.3332949272 1
215 32 94.562472188 5.5439994148 0
215 33 111.12365845 4.0381338489 0
215 34 92.048374151 4.8415441721 0
215 35 109.72269897 3.3430895958 0
215 36 106.48497777 9.8013067798 1
215 37 98.913291075 7.0015627436 0
215 38 88.445150662 4.6238630887 0
215 39 102.65342919 3.6608296563 1
215 40 102.54895944 2.0038819484 0
215 41 105.13043505 4.8648209946 1
215 42 98.54830898 2.6555074619 1
215 43 106.65706744 3.4329620109 0
215 44 94.610793944 23.309360997 1
215 45 90.487569937 2.0167258417 0
215 46 99.040847674 8.4765123622 1
215 47 77.150081018 2.1544251331 1
215 48 91.260871838 3.1540248104 0
215 49 111.58985864 3.8826241576 0
215 50 97.656754265 3.0157159861 0
215 51 104.42451625 1.1536833518 0
215 52 99.047666754 12.230013602 1
215 53 100.02362442 3.9277002402 0
215 54 106.86803588 1.78831923 1
215 55 87.300641839 4.4150677946 1
215 56 89.646905368 5.260555854 1
215 57 91.183679072 4.6881932228 1
215 58 117.19763378 5.0356738743 1
215 59 96.112130507 11.767376649 1
215 60 86.837168967 6.8582110809 0
215 61 94.862800186 2.589783224 0
215 62 110.51688234 7.2188544314 0
215 63 95.836181576 1.2153596707 1
215 64 107.55505317 6.9300826331 1
215 65 104.41729998 5.8728534422 0
215 66 97.418244616 26.889154223 1
215 67 99.563244076 20.739474981 0
215 68 89.081982596 2.8415710407 1
215 69 73.560233616 8.1943155674 1
215 70 93.443253481 4.6450451183 1
215 71 113.16677863 1.046593088 1
215 72 108.12149776 12.859909632 1
215 73 107.42485842 6.0998874472 1
215 74 109.89138632 7.9230572562 1
215 75 90.149314299 3.5820332588 0
215 76 90.26147603 3.4539790746 1
215 77 95.001571861 9.6350227376 1
215 78 90.30906578 1.4187783885 0
215 79 100.46940747 1.0412935018 1
215 80 91.158445055 5.0748685152 1
215 81 129.75657832 3.1919412271 1
215 82 107.4948978 3.6209292187 1
215 83 96.869704367 7.2112189106 1
215 84 103.85520978 2.2136660346 1
215 85 90.725102683 8.1375627078 0
215 86 112.23269146 16.507172612 1
215 87 82.267534282 3.170757334 1
215 88 91.601221746 4.2021191924 0
215 89 104.06811927 2.3261233022 1
215 90 93.97875206 8.8973760337 0
215 91 107.48883057 3.2741851515 1
215 92 94.859795894 8.2911224646 1
215 93 101.69832683 25.154937872 0
215 94 88.944922739 15.019592025 1
215 95 106.96753577 3.6700080381 0
215 96 115.98795099 5.8191184386 0
215 97 100.41749298 2.5733887326 0
215 98 101.64788109 3.58567742 0
215 99 82.943081795 3.2221477672 0
215 100 113.20200971 7.7410759005 1
215 101 97.282731995 2.2031734578 1
215 102 93.000451334 7.2447734703 0
215 103 78.521301127 2.645558712 0
215 104 111.57691119 7.2560786568 0
215 105 96.202029963 2.3785951022 1
215 106 120.80275824 5.9624860485 0
215 107 96.182217181 3.2431814684 1
215 108 116.87658559 2.9476653571 0
215 109 96.505474699 9.9568847691 1
215 110 86.903379628 2.9272021833 1
215 111 110.11397147 9.8301755899 1
215 112 102.76051418 9.8386150221 0
215 113 98.007358145 3.1899160765 0
215 114 118.32001806 2.2684344458 0
215 115 85.716920994 3.3811874473 0
215 116 117.06408052 7.9960730013 0
215 117 113.66562425 1.4575457306 0
215 118 115.98444765 4.2327612386 1
215 119 99.212430266 4.1824173056 1
215 120 115.91470603 1.9891827352 1
215 121 91.600961939 4.9448893767 0
215 122 95.00186059 1.9956489947 1
215 123 95.348319287 13.539930796 1
215 124 89.929569901 2.5117052 0
215 125 97.923069311 8.7932582018 0
215 126 88.84904742 1.3842969101 1
215 127 104.04574139 4.8690085806 0
215 128 99.78350111 1.8233455238 1
215 129 101.04067519 9.3971235469 1
215 130 101.99249658 5.7336426062 1
215 131 104.80600404 19.854985085 1
215 132 113.98494016 13.153115345 1
215 133 72.570545285 5.1491808927 1
215 134 111.44056234 19.943944609 0
215 135 97.375462784 1.4966527204 0
215 136 93.899498596 6.0293237828 0
215 137 98.66899779 4.6339004661 1
215 138 89.255106927 8.8467178691 1
215 139 99.749624306 1.7677182487 1
215 140 104.68648621 2.2422784545 0
215 141 106.30749261 14.919841972 1
219 1 108.01498769 5.9953202683 1
219 2 109.47115656 8.981768879 1
219 3 111.68698108 4.3861544636 0
219 4 75.060897552 9.1977060415 1
219 5 102.16093711 10.984260804 1
219 6 108.84330476 3.3134155023 0
219 7 114.91049198 1.0494501602 1
219 8 91.34307616 10.989833343 0
219 9 115.23736863 2.8683827555 1
219 10 109.59702372 2.0681375127 0
219 11 87.590853389 12.311781858 1
219 12 90.758681281 2.6194564213 1
219 13 114.81704177 13.065397997 1
219 14 103.18259737 22.581031148 0
219 15 92.350250297 2.9716265644 0
219 16 90.829126208 2.5503807643 1
219 17 100.89568719 1.2737826281 1
219 18 100.01631331 11.608754437 1
219 19 111.32501375 12.370998702 1
219 20 94.146243502 8.8225292423 1
219 21 93.034831201 2.7538258276 1
219 22 96.198838258 2.8931087008 0
219 23 115.43686702 4.6400550097 1
219 24 100.75254506 16.924251608 0
219 25 82.668059348 3.8643767714 0
219 26 104.67177534 2.7027601603 1
219 27 99.78114205 20.260072971 1
219 28 111.88615415 12.928179861 0
219 29 94.185651724 4.009755631 0
219 30 103.15526946 6.3583431466 0
219 31 110.446222 1.2412142455 0
219 32 97.107436537 8.0643930495 1
219 33 97.645305782 1.3517132901 0
219 34 95.221475738 7.2391516547 0
219 35 108.32441179 2.1899328453 0
219 36 112.16168397 20.622818043 1
219 37 105.20934797 2.5465706262 1
219 38 84.910933499 4.2464435649 1
219 39 92.181254983 1.7128042836 1
219 40 103.72133836 21.55055483 0
219 41 110.83356732 6.5095153524 1
219 42 105.86896854 19.140527812 1
219 43 105.77272511 43.070220433 1
219 44 109.34700267 22.352022796 1
219 45 90.061892022 6.7483104528 1
219 46 94.638789909 14.84484792 0
219 47 105.69996929 11.277058396 1
219 48 91.901968489 3.1089204911 1
219 49 116.61009377 5.5227069536 1
219 50 92.321772225 3.0510458853 1
219 51 100.2347581 10.123826455 0
219 52 86.084796672 10.172814024 1
219 53 126.87180423 5.3718343035 1
219 54 82.519207337 7.5540458108 1
219 55 102.61568874 13.770670609 1
219 56 79.600903761 4.5830592354 1
219 57 93.006999622 6.8407223568 1
219 58 98.453250753 2.5380639154 1
219 59 108.5530648 6.4266932786 0
219 60 127.31966771 12.63902519 1
219 61 97.859563597 2.201809332 1
219 62 101.67486179 4.0807981649 1
219 63 109.41284878 2.5825683821 1
219 64 98.805052301 2.7603230619 1
219 65 105.35768799 2.4438399581 1
219 66 90.224977554 5.8516186924 0
219 67 107.99299826 11.309064773 1
219 68 87.567485134 1.7635189188 1
219 69 101.34518789 1.1541465929 1
219 70 90.342620986 1.2144491147 0
219 71 99.737372744 1.4938799009 1
219 72 95.566183251 14.117705569 0
219 73 94.376278543 7.499027045 1
219 74 74.789657674 9.1340281905 0
219 75 87.099849533 12.364369674 1
219 76 79.199143545 2.7853070161 1
219 77 96.873008218 2.594206685 1
219 78 99.502815119 6.1613575058 1
219 79 92.982667611 2.4497038271 0
219 80 98.390864677 3.4889678477 0
219 81 95.55259825 7.4854140711 0
219 82 118.93939805 7.9524896077 1
219 83 108.93951633 3.3809173762 0
219 84 94.067030998 4.7973716659 0
219 85 112.0348065 4.1092744443 1
219 86 99.722421731 4.2675852625 1
219 87 81.359844518 7.0000042801 1
219 88 87.773552431 4.2471576566 1
219 89 101.2707125 11.305818036 0
219 90 92.828548811 6.7465022594 0
219 91 113.15020534 2.7330107035 0
219 92 104.33706695 16.196245641 0
219 93 95.456061396 6.0155602629 1
219 94 88.473767309 8.5235080109 1
219 95 84.649395811 1.4117373309 1
219 96 103.76539249 5.4122288614 0
219 97 104.05344789 1.9317982922 1
219 98 98.220278915 2.8659954343 0
219 99 92.099813976 6.7246558505 0
219 100 120.14562753 1.7466202086 1
219 101 98.379758532 4.5196172233 1
219 102 107.74386163 4.3305386064 1
219 103 92.973972316 11.590607969 0
219 104 95.733282005 2.7024473767 1
219 105 86.333648737 14.74854776 1
219 106 115.35263057 28.041034177 0
219 107 95.392170381 13.108713323 0
219 108 83.17760043 1.1732858928 1
219 109 108.16263047 9.441113419 0
219 110 107.21551475 16.269795873 0
219 111 113.66337981 4.5529864833 1
219 112 105.54238863 3.0580512499 0
219 113 93.152318015 3.6447186411 1
219 114 102.01035787 3.0461630391 0
219 115 90.940828537 10.261720831 1
219 116 108.33308926 9.1234402959 1
219 117 100.40024321 13.559052663 1
219 118 110.70646117 2.7685309636 0
219 119 95.689567504 2.897964169 1
219 120 103.83740302 13.352189554 1
219 121 103.86594421 13.451071753 0
219 122 125.03685131 4.2214393792 1
219 123 115.11747402 4.1095299677 0
219 124 107.02785007 2.8879603297 0
219 125 115.45260682 4.5468719535 1
219 126 109.44329844 1.1200703582 1
219 127 107.81148394 12.45477914 1
219 128 95.792485829 2.0981490072 1
219 129 103.18411993 7.7783515998 1
219 130 98.889839335 2.5678202706 0
219 131 115.46257423 17.273431656 0
219 132 117.03530716 7.6049225215 1
219 133 96.837816918 1.8801279869 0
219 134 105.53895376 6.2768548426 1
219 135 110.96413769 8.8274978494 1
225 1 87.766743859 1.6604024939 0
225 2 102.55324625 3.9466788038 1
225 3 118.22341606 8.864403295 1
225 4 94.203697386 2.1633012114 0
225 5 101.62832356 15.673492496 1
225 6 95.117584937 3.4677775114 1
225 7 111.96431581 1.010661065 1
225 8 79.706091808 6.0140051659 1
225 9 101.73621339 3.1317882468 0
225 10 111.18880119 7.6537768701 0
225 11 108.16073261 12.105378895 1
225 12 100.07909326 3.661249657 1
225 13 125.15270277 10.375284122 0
225 14 92.810098457 10.795483328 0
225 15 97.158465286 3.4394506277 0
225 16 80.602645494 2.0468697826 1
225 17 118.76197067 2.874979656 0
225 18 93.1285232 13.320778562 1
225 19 95.551729655 7.7806685636 1
225 20 103.90393462 2.5798986251 1
225 21 108.78330105 13.872536542 1
225 22 97.620509841 5.1656160875 1
225 23 103.68085412 21.051764024 0
225 24 110.47741926 14.724179926 0
225 25 94.505535428 4.3672777406 0
225 26 98.709000215 3.2149634544 0
225 27 91.733545326 4.2141771828 1
225 28 112.09801797 1.0968509248 0
225 29 93.536901124 2.8185241154 1
225 30 92.867155307 2.520886334 1
225 31 106.22730323 1.8435412039 0
225 32 104.90197325 9.4109258625 1
225 33 98.875853592 3.1161091846 1
225 34 91.462367665 6.9551593834 1
225 35 92.977699719 15.11478859 1
225 36 101.45774431 11.834893917 1
225 37 83.722051408 14.413538454 0
225 38 96.667782146 5.9248771737 0
225 39 99.14701425 20.176529413 1
225 40 106.35337625 4.1817447726 1
225 41 104.27383174 18.584705139 1
225 42 110.14066391 4.8792056677 1
225 43 98.199563319 11.231361955 1
225 44 106.06370997 1.0328994701 1
225 45 94.445316465 4.5300500735 1
225 46 93.477694947 3.1934451593 1
225 47 97.580752569 7.4150791906 1
225 48 115.89638749 6.941689843 1
225 49 92.203649874 5.9374788356 0
225 50 109.15583278 8.0366195964 1
225 51 107.3357033 2.0892124291 1
225 52 94.096901269 6.0403201669 1
225 53 114.20476028 18.557085799 0
225 54 89.144943221 1.9285422344 0
225 55 110.34855767 5.1342759667 1
225 56 108.05407929 10.085079519 0
225 57 98.954235331 1.4640794856 1
225 58 97.324707319 12.56030886 1
225 59 98.374280354 3.9636531525 1
225 60 114.56071693 11.951349958 1
225 61 107.23643355 1.3077202408 0
225 62 80.379110389 1.9550106966 0
225 63 102.52780537 7.5719014769 1
225 64 95.483870013 1.0799311199 0
225 65 85.937611549 16.510118066 1
225 66 89.61857052 10.290355189 0
225 67 94.875377795 6.5779346163 1
225 68 99.300648813 22.772740955 0
225 69 109.11958808 7.0607030544 1
225 70 103.44507771 2.8511842851 0
225 71 85.294991563 15.266542084 0
225 72 110.6734818 1.8833753886 1
225 73 105.81412914 14.711201945 0
225 74 96.197780857 9.9201620467 1
225 75 92.288454317 1.283977495 1
225 76 105.6992517 1.9103955102 1
225 77 84.591059567 1.4367022526 1
225 78 106.56987983 16.38614008 0
225 79 83.922678699 4.7690216694 0
225 80 92.122022843 17.665513021 0
225 81 97.50087055 17.548528582 1
225 82 89.472169298 1.766349686 1
225 83 115.60013305 7.9088479882 0
225 84 92.987324868 25.598557979 1
225 85 104.24320746 2.3488504832 1
225 86 86.739264009 3.2541820919 1
225 87 93.32720248 3.7055224532 1
225 88 103.69005273 15.911149443 1
225 89 118.47184755 12.904241615 1
225 90 108.74062839 1.1348321849 1
225 91 92.479213395 1.6016990403 0
225 92 100.61312385 3.5367286853 1
225 93 98.016758455 1.3592545024 0
225 94 98.050454748 4.0396157951 0
225 95 93.118028115 3.2385504776 1
225 96 101.07569343 1.8010002607 1
225 97 108.24702234 9.9294553235 0
225 98 99.274599826 22.347812973 0
225 99 98.494223632 7.5943948576 0
225 100 78.351395472 1.1072733881 1
225 101 118.94741322 6.8632804754 1
225 102 93.676702027 10.064327176 1
225 103 95.635144243 5.3153300098 1
225 104 87.448436338 15.603102441 0
225 105 102.39719747 2.1816973202 1
225 106 108.94314231 1.4596100435 1
225 107 92.908865454 1.4021453739 1
225 108 84.861533522 1.5167209342 1
225 109 97.392919825 5.9260663255 1
225 110 110.95311179 16.459399261 1
225 111 109.83089086 4.0162069554 0
225 112 110.15653681 1.5349776583 0
225 113 106.45355951 5.8507546464 0
225 114 82.723509178 4.8561305129 0
225 115 118.59899036 1.2411668413 1
225 116 95.599471392 25.042425248 0
225 117 108.04415532 4.3210344697 1
225 118 102.45430159 1.3822212752 1
225 119 100.53319529 3.9556255344 1
225 120 104.1326116 7.6641596448 1
225 121 99.457652667 1.4231212186 0
225 122 89.90312957 2.4999107629 0
225 123 101.65135409 11.142262896 1
225 124 107.75493047 8.5031968244 0
225 125 117.49283451 4.9030287396 1
225 126 100.15935234 5.5392198385 1
225 127 102.82289985 2.7714196281 0
225 128 100.46907709 9.3783848066 1
225 129 91.312025352 3.0503307678 1
225 130 99.23335025 7.4290148173 0
225 131 78.002425081 3.6689413948 0
225 132 107.11056251 1.5716500009 1
225 133 95.903886428 31.1608223 1
225 134 86.764737373 4.1139310211 0
225 135 111.96972039 5.915047763 1
225 136 99.029837728 19.523336857 0
225 137 92.627449566 1.6563261625 0
225 138 100.23434866 2.5498979281 1
225 139 101.9424194 2.495693179 0
225 140 113.77439308 2.303996997 1
225 141 108.24998881 1.3070248196 0
225 142 89.95112928 1.0624750657 0
225 143 100.42239586 1.3430884679 1
225 144 97.619403837 4.2402242563 1
225 145 75.939777451 2.0059769615 1
225 146 109.63801432 24.137859235 1
225 147 91.09094096 11.313489316 0
225 148 102.87628151 6.6497910198 1
225 149 107.65865832 3.9478308825 0
225 150 106.73793011 4.6760368954 1
225 151 114.74120927 7.4527533666 1
225 152 100.14458576 9.2609213945 1
225 153 95.706818548 11.236268201 1
225 154 106.30209726 6.3865233379 1
225 155 96.638476201 12.480474967 0
225 156 98.447369675 19.282945684 1
225 157 94.854183465 4.0036329668 1
225 158 89.925010292 4.3018320162 0
225 159 101.44255537 1.5831713595 1
225 160 106.75911046 28.182816199 0
225 161 104.49306287 2.9263238576 1
225 162 94.608099198 7.432420222 1
225 163 78.856957066 17.069024172 0
225 164 104.53101396 3.848531632 1
225 165 81.435598756 1.5048856414 0
225 166 92.97427439 2.9904740388 1
225 167 84.721910612 7.1462201891 0
225 168 105.56860256 5.4032252062 0
225 169 84.636082356 5.7371147471 1
241 1 95.900619314 7.9384211795 1
241 2 109.31402925 3.9955428696 0
241 3 75.503585224 5.6267748988 1
241 4 96.705596762 9.2819236736 0
241 5 113.11700728 1.6161488422 0
241 6 88.500866411 3.5010211823 1
241 7 109.49048954 4.7033244825 1
241 8 89.986362645 6.9691641421 1
241 9 94.568196584 6.6379479927 1
241 10 80.17726208 4.6455853337 1
241 11 87.757415143 25.785794066 0
241 12 98.729687519 7.8995920684 0
241 13 88.612514047 2.1648332951 1
241 14 90.975929478 2.0236901723 1
241 15 94.71677633 6.8983840498 1
241 16 105.85558299 4.933595344 0
241 17 107.07597901 2.8297157364 1
241 18 108.46921723 8.1977900294 0
241 19 87.829164778 9.4258158447 1
241 20 88.467826803 1.6750855273 0
241 21 105.94125243 2.372287087 0
241 22 109.20423319 3.0704987545 1
241 23 100.91068072 5.4865059576 1
241 24 103.43990799 4.2510394037 0
241 25 96.266627774 3.8385428239 0
241 26 117.415885 9.1579069845 1
241 27 109.71423974 10.48729823 1
241 28 70.571904465 4.2951984372 0
241 29 101.38231071 6.2599410489 1
241 30 100.19245092 20.724945954 1
241 31 126.21020514 8.2063104606 0
241 32 89.508958147 5.2040987455 1
241 33 110.63326583 8.7711253204 1
241 34 100.50440825 4.162970278 0
241 35 91.186739236 17.179776375 0
241 36 90.075378781 10.711498407 0
241 37 99.761043094 1.5009107563 1
241 38 111.92162871 3.3437475423 1
241 39 106.19039909 6.2365721676 0
241 40 115.9007324 2.249378576 0
241 41 106.51502728 3.4084577017 1
241 42 90.723651052 5.4346454648 1
241 43 108.70460126 4.2561687465 1
241 44 94.44045616 14.740463739 0
241 45 112.74362762 1.3314939175 1
241 46 76.030345792 1.9432283318 0
241 47 113.91993453 3.3606176963 0
241 48 90.843006635 4.1083060317 1
241 49 94.293870327 8.0001323197 1
241 50 105.74673581 2.0809143715 1
241 51 114.54309634 4.054721685 1
241 52 103.03924016 2.1214748494 1
241 53 100.89879705 1.6436018626 1
241 54 103.44686164 1.6013629473 1
241 55 91.449663627 3.515075188 1
241 56 110.91768077 9.0594807577 1
241 57 104.38075767 1.5745273453 0
241 58 84.554468944 18.190727634 0
241 59 111.19277961 1.1807599081 1
241 60 83.616399673 5.4727202464 1
241 61 89.815936735 3.5088791803 1
241 62 94.350076608 9.5668337507 1
241 63 83.151844575 2.2347995337 1
241 64 96.995858748 7.6595223221 0
241 65 105.2327673 5.2205519084 0
241 66 95.043198054 1.8286295179 0
241 67 105.90468954 5.5127019363 0
241 68 98.772801943 10.246340999 1
241 69 113.8317819 4.2550199391 0
241 70 105.81329438 1.660876571 1
241 71 79.270921235 3.7562420054 1
241 72 109.41406045 6.5642518509 1
241 73 97.040061877 2.2258759267 1
241 74 109.6948558 15.079929245 0
241 75 119.63273216 1.2642189856 0
241 76 96.162711112 8.4677387115 1
241 77 96.539993639 2.6583651572 0
241 78 91.474354712 2.1803332164 0
241 79 106.77805461 5.1502749305 0
241 80 91.334483991 1.2820339783 0
241 81 88.815422448 12.437974712 0
241 82 102.2905118 8.5219271909 1
241 83 118.34979146 14.544348551 0
241 84 112.57765775 6.780852409 0
241 85 102.26257764 7.3311922275 1
241 86 98.938087851 10.736341359 1
241 87 106.92858486 13.612961388 0
241 88 96.923829772 36.421185126 1
241 89 120.05862659 3.3430693731 0
241 90 105.72618809 21.41808782 0
241 91 100.14884123 3.1584965265 0
241 92 87.38362343 1.5934153875 0
241 93 107.72638212 3.0457254213 1
241 94 99.079439813 9.1759129335 0
241 95 102.7707668 2.6522073964 1
241 96 93.097914727 5.9979709424 0
241 97 101.95946862 8.7984344464 0
241 98 112.13739474 15.808561566 1
241 99 112.54647796 1.1484522481 1
241 100 94.891577396 11.658647678 0
241 101 106.63591642 7.782320795 1
241 102 109.65934732 3.1993523335 1
241 103 90.830938188 6.3324542712 0
241 104 90.609261799 1.4743368512 1
241 105 123.87104787 3.6998800969 0
241 106 96.010157494 3.8954966791 1
241 107 111.99736646 5.5766546226 0
241 108 84.510268683 6.8315915292 1
241 109 105.57736736 3.0055172971 1
241 110 84.894396375 7.2418309689 1
241 111 103.66084915 2.4447922959 0
241 112 58.63350821 3.5397507108 1
241 113 111.73371401 5.6206229535 1
241 114 111.71484441 7.2427234414 1
241 115 109.35507512 2.9945943305 0
241 116 100.13277606 3.3335121646 0
241 117 103.11297989 1.4915901986 0
241 118 103.75220228 2.9124613178 1
241 119 106.35103457 1.0703325592 1
241 120 108.32270553 7.130971965 0
241 121 99.506282007 14.10489251 1
241 122 101.57478863 17.417083481 1
241 123 77.198436739 18.257289221 0
241 124 108.82995956 8.0945238642 0
241 125 104.46581416 5.3619144901 0
241 126 95.663133718 5.678511242 0
241 127 88.742212014 10.827581533 1
241 128 101.31354376 2.354271677 1
241 129 102.54329812 7.269278915 1
241 130 100.10997249 12.479262384 1
241 131 95.21740397 3.4062931262 1
241 132 104.4287106 1.8289537139 1
241 133 98.794527625 2.8016080641 0
241 134 93.026855667 4.9844837632 1
241 135 100.44566893 12.963636556 1
241 136 103.41318106 18.337250297 1
241 137 105.65584893 13.406646119 1
241 138 99.975263166 16.854042172 1
241 139 93.748791692 11.581123577 1
241 140 88.042734375 7.483408892 0
241 141 110.36094262 13.882714846 1
241 142 91.463597441 20.081696174 0
241 143 89.011774893 14.309050075 0
241 144 102.65789006 4.7933506311 1
241 145 104.41239393 8.090230645 0
241 146 85.749126014 8.5746872608 1
241 147 100.62821896 4.474751674 0
241 148 105.8699745 4.2440640022 1
241 149 98.996963297 6.7529733216 1
241 150 94.527416923 6.5127550944 0
241 151 94.252844792 3.3589375894 0
241 152 110.75749805 7.6411492954 1
241 153 94.130989794 1.8694303794 0
241 154 104.8839815 19.643972964 0
241 155 114.45623185 3.1486249598 0
241 156 106.93891723 1.0491418078 1
241 157 103.59310317 6.3581080391 0
241 158 108.18820234 10.141451593 1
241 159 110.41270702 4.1361587256 1
241 160 103.78625565 1.4144795557 0
241 161 95.876660474 5.6281572739 0
241 162 86.063913697 10.822582428 1
241 163 97.116849345 4.3981480447 1
241 164 92.802158 5.2099074961 1
241 165 97.136337176 1.0257776812 1
241 166 113.95222959 2.3241659455 1
241 167 108.90702449 5.7746823678 1
241 168 95.832939871 7.5889521867 1
241 169 98.068342331 9.8516403916 1
241 170 101.78750033 19.536874496 1
241 171 89.840005746 6.006275933 1
241 172 116.00875443 3.8665986961 1
241 173 104.82131951 6.302438076 0
241 174 101.11958186 13.292090877 0
241 175 88.737308049 6.5072634721 0
241 176 96.062687161 4.6740955479 0
241 177 89.647576675 5.5945556147 1
241 178 99.342838806 2.7741559196 0
241 179 79.653480611 27.858010139 1
241 180 100.42736028 2.8570787265 1
241 181 87.755941207 2.0492313031 0
243 1 108.88229727 12.462874615 1
243 2 109.11594839 9.2584290051 0
243 3 111.50645953 1.137489364 1
243 4 87.734716304 4.3679342095 1
243 5 103.74256298 2.2437819986 1
243 6 101.51728935 1.4892969266 1
243 7 102.40308804 28.304803531 1
243 8 98.887478298 5.1969887283 1
243 9 94.397899639 6.6013764056 0
243 10 89.336442597 4.0040504194 0
243 11 96.641362565 13.042166738 1
243 12 85.001104615 4.8497822896 1
243 13 110.88253291 5.7821974039 1
243 14 94.237488174 1.9015064723 1
243 15 108.12423426 2.6419326014 1
243 16 88.015700713 1.6578804963 1
243 17 85.552366631 9.9277789277 1
243 18 92.089598221 2.9171646581 1
243 19 108.05169087 3.1760752163 1
243 20 94.838564294 4.4837334268 0
243 21 95.596865942 2.0436112276 1
243 22 93.680205743 1.3872427697 1
243 23 97.287663589 3.1852243006 0
243 24 95.373686991 1.0573162595 1
243 25 92.727341316 3.6930310403 0
243 26 79.180604684 11.84422959 0
243 27 98.148306933 11.540762872 1
243 28 92.046077898 2.7119956442 1
243 29 108.45847292 3.5125273365 1
243 30 86.456801154 7.2538137937 1
243 31 96.942654774 1.6542985023 1
243 32 103.37611595 1.1244849108 1
243 33 89.294226352 10.986447275 1
243 34 94.605896133 21.779677422 1
243 35 110.49976426 7.1988594604 0
243 36 97.823591627 6.5956456112 1
243 37 99.396148036 25.053137777 0
243 38 70.249416539 6.7713772815 1
243 39 94.662944884 14.077028785 0
243 40 86.512930219 7.300178988 1
243 41 98.239071869 1.3038993299 0
243 42 103.85805342 2.9084050276 1
243 43 110.19395996 8.7145702066 0
243 44 108.59537632 16.673067237 1
243 45 95.959814272 4.273792053 1
243 46 78.947577385 9.0108731438 0
243 47 92.666289113 22.524815357 0
243 48 106.56891258 6.9685422374 0
243 49 92.402127544 4.6864226698 1
243 50 111.61807189 1.1807456383 0
243 51 102.66250187 7.4578817045 1
243 52 96.931139399 10.698510098 1
243 53 92.059822321 9.6646214483 1
243 54 100.77932056 14.040626139 1
243 55 107.55549369 7.181272976 1
243 56 107.94244819 2.0621214549 0
243 57 109.88541883 17.396663463 1
243 58 115.40756259 7.4053713962 1
243 59 99.14067222 2.2190272197 0
243 60 106.85054539 4.3414144166 1
243 61 103.1970687 4.4215980845 1
243 62 106.33997684 3.4723020959 1
243 63 88.303274425 2.3798363473 0
243 64 96.009816971 2.4708447795 0
243 65 127.05154717 1.6873885492 0
243 66 109.06779704 7.4775144814 0
243 67 88.012701257 3.2632480598 0
243 68 111.69694569 1.7384480228 0
243 69 103.11819554 2.581152966 0
243 70 84.546746506 1.9032914623 1
243 71 91.818800825 3.6675792816 1
243 72 97.713383696 4.0712360083 1
243 73 103.35313904 8.7001599941 1
243 74 96.507775802 4.9696763102 1
243 75 97.568433396 15.860185641 1
243 76 109.05374538 2.8055400118 0
243 77 86.511361754 1.8798362997 0
243 78 95.59073839 7.5733829663 1
243 79 80.009466256 3.1669012719 0
243 80 93.798725291 3.0953845907 1
243 81 79.862417542 1.1522422963 1
243 82 98.158187344 2.5966350356 1
243 83 87.827235408 15.194420864 1
243 84 99.429983258 11.379363721 0
243 85 91.211085962 2.566538155 1
243 86 90.663720557 1.2956564035 1
243 87 88.568830574 1.0774917363 1
243 88 107.69973547 9.6632677697 1
243 89 102.71618659 4.7834708151 0
243 90 105.96919495 2.1877902999 0
243 91 110.97577472 6.3322379802 0
243 92 101.60544826 20.950081955 1
243 93 94.995508696 8.665606019 1
243 94 101.33319814 2.5306906273 1
243 95 94.844896748 3.2232152978 1
243 96 106.51673986 2.7283815874 1
243 97 87.482729225 9.2978553045 0
243 98 107.88910962 4.4837065195 1
243 99 105.30468569 1.2900448928 0
243 100 100.18760266 5.3653025274 1
243 101 91.920753603 10.683510211 0
243 102 93.779370545 18.305874997 0
243 103 101.78334054 15.081075697 1
243 104 114.0681442 10.324612775 0
243 105 103.19437492 7.4811666155 1
243 106 97.40430435 7.1368195177 0
243 107 95.241427743 8.6270558293 0
243 108 98.124836361 10.329432565 1
243 109 100.37383939 5.5472812941 1
243 110 86.786670893 25.719305755 0
243 111 93.995277775 3.0412236388 0
243 112 107.2049736 13.294096616 1
243 113 106.94213835 7.3408587547 1
243 114 112.94919595 3.1923069399 0
243 115 101.59038816 6.6571383373 1
243 116 94.146864613 3.782944694 1
243 117 81.941876285 2.6495099298 1
243 118 105.76017523 3.493438259 1
243 119 95.799499979 1.1030018822 1
243 120 84.484865129 18.316656354 1
243 121 84.887333999 6.2679367893 0
243 122 104.0983159 2.6013307631 1
243 123 105.49235351 1.4444019826 0
243 124 91.905226934 1.1369125967 1
243 125 115.81091632 13.821956822 1
243 126 111.48826762 12.347682321 1
243 127 88.657240939 2.4992757925 1
243 128 108.75803699 3.1266110069 1
243 129 94.829566821 7.6995648913 0
243 130 106.74956134 1.6183914116 1
243 131 96.053995865 5.9744138669 0
243 132 87.150120837 2.6167478705 1
243 133 90.181982228 5.1947723563 1
243 134 108.50489996 10.864309025 0
243 135 92.718904224 13.997370999 0
243 136 102.35446411 2.0175899735 1
243 137 90.090641679 1.6933304644 1
243 138 96.226900415 6.1596075564 1
243 139 99.614829032 20.417999942 0
243 140 82.172490872 1.2914890984 0
243 141 92.280468989 12.922126636 1
243 142 99.009979021 5.6042340475 1
243 143 95.937225402 2.4525108098 1
243 144 99.631365885 3.8241546345 0
243 145 100.4281825 3.774560745 1
243 146 107.73583367 6.0687207466 1
243 147 95.464810819 8.8647008995 0
243 148 83.473383221 10.876942211 0
243 149 90.249894309 3.2310059882 0
243 150 114.09301316 5.6794791139 1
243 151 93.600642783 12.35738303 0
243 152 93.326255331 5.3099928899 1
243 153 83.344791876 1.6344186293 1
243 154 92.532057029 6.0621185441 1
243 155 104.04377552 14.067155563 0
243 156 97.143317552 4.2542220352 0
243 157 76.864863177 8.6422127522 1
243 158 103.58555274 2.8560383896 1
243 159 82.722418703 6.583145135 1
243 160 118.73759505 5.2083381775 1
243 161 103.65465376 10.948371222 0
243 162 98.078450678 4.2284826657 0
243 163 89.841128827 6.2293629419 0
243 164 113.11862675 2.4417865768 1
243 165 86.766264222 12.437540539 1
